# dynamic Clausius-Clapeyron coexistence line
# pressure[bar]  temperature[K]  error[K]  T_forward[K]  T_backward[K]
0.000000000000000000e+00 1.340104077500000130e+03 1.040775000000166983e-01 1.340000000000000000e+03 1.340208155000000033e+03
8.355712350000000015e+02 1.343713887308695575e+03 1.153413086955197286e-01 1.343598545999999942e+03 1.343829228617390982e+03
1.675659585000000106e+03 1.347321929684968609e+03 9.162368496868111833e-02 1.347230305999999928e+03 1.347413553369937290e+03
2.520276542000000063e+03 1.350925407128272127e+03 5.718012827230722905e-02 1.350868226999999933e+03 1.350982587256544548e+03
3.369245621000000028e+03 1.354533882292447288e+03 9.714229244718808332e-02 1.354436740000000100e+03 1.354631024584894476e+03
4.223042540000000372e+03 1.358205330365929512e+03 7.484936592948088219e-02 1.358130480999999918e+03 1.358280179731858880e+03
5.081292994000000363e+03 1.361876145525081711e+03 8.962352508160620346e-02 1.361786522000000105e+03 1.361965769050163317e+03
5.944245904999999766e+03 1.365567738511279003e+03 8.953651127899320272e-02 1.365478202000000010e+03 1.365657275022557997e+03
6.812113325999999688e+03 1.369289942117935880e+03 5.516311793610384484e-02 1.369234778999999889e+03 1.369345105235872097e+03
7.684376260000000002e+03 1.372966578597259286e+03 2.468659725911948044e-02 1.372941892000000053e+03 1.372991265194518292e+03
8.561375846999999339e+03 1.376695404476502063e+03 2.616847650199360942e-02 1.376669235999999955e+03 1.376721572953003943e+03
9.443116344000000026e+03 1.380431328149485580e+03 1.941214948556080344e-02 1.380411916000000019e+03 1.380450740298971141e+03
1.032951951600000029e+04 1.384154867608689301e+03 7.473913105968676973e-04 1.384155614999999898e+03 1.384154120217378704e+03
1.122079850500000066e+04 1.387906517453044216e+03 1.994354695591482596e-02 1.387926461000000018e+03 1.387886573906088188e+03
1.211636789099999987e+04 1.391683226086293871e+03 3.182808629401279177e-02 1.391651397999999972e+03 1.391715054172587998e+03
1.301678964099999939e+04 1.395441050236550609e+03 4.120023655059412704e-02 1.395399850000000015e+03 1.395482250473101203e+03
1.392220370899999944e+04 1.399194358012615339e+03 1.288501261535657250e-02 1.399181473000000096e+03 1.399207243025230810e+03
1.483187979400000040e+04 1.402961938922624086e+03 4.060292262397524610e-02 1.402921336000000110e+03 1.403002541845248061e+03
1.574726454100000046e+04 1.406797300890635142e+03 4.166889063503731450e-02 1.406755632000000105e+03 1.406838969781270180e+03
1.666729585999999836e+04 1.410623874266904750e+03 4.430926690463365958e-02 1.410579565000000002e+03 1.410668183533809270e+03
1.759244315300000017e+04 1.414460120076113299e+03 2.769107611334220564e-02 1.414432428999999956e+03 1.414487811152226641e+03
1.852177054100000169e+04 1.418277368441557428e+03 3.893844155720671552e-02 1.418238430000000108e+03 1.418316306883114521e+03
1.945765265300000101e+04 1.422154515095488023e+03 2.300590451204698184e-02 1.422177521000000070e+03 1.422131509190975976e+03
2.039746180599999934e+04 1.426034481474532186e+03 1.415252546792089561e-02 1.426048633999999993e+03 1.426020328949064151e+03
2.134297618900000089e+04 1.429964635309772575e+03 1.476969022746743576e-02 1.429979405000000042e+03 1.429949865619545108e+03
2.229305571399999826e+04 1.433875048945771596e+03 1.429505422845522844e-02 1.433889343999999937e+03 1.433860753891543027e+03
2.324729668500000116e+04 1.437773390235498255e+03 1.750323549822496716e-02 1.437755887000000030e+03 1.437790893470996480e+03
2.420632452499999999e+04 1.441668338396611034e+03 4.723339661097725184e-02 1.441621104999999943e+03 1.441715571793221898e+03
2.517036025199999858e+04 1.445573589404126551e+03 7.575740412653431122e-02 1.445497832000000017e+03 1.445649346808253085e+03
2.614026155999999901e+04 1.449505333654460401e+03 7.289965446034329943e-02 1.449432434000000057e+03 1.449578233308920744e+03
2.711565768200000093e+04 1.453499545319495155e+03 1.002933194951083351e-01 1.453399251999999933e+03 1.453599838638990150e+03
2.809685420599999998e+04 1.457484106103245040e+03 7.308810324502701405e-02 1.457411018000000013e+03 1.457557194206490067e+03
2.908265674199999921e+04 1.461454468956565051e+03 5.096795656493213755e-02 1.461403501000000006e+03 1.461505436913129870e+03
3.007383955599999899e+04 1.465441682355333342e+03 2.550035533352001949e-02 1.465416181999999935e+03 1.465467182710666975e+03
3.106972731500000009e+04 1.469458226195813040e+03 4.288719581325040053e-02 1.469415338999999904e+03 1.469501113391626404e+03
3.207115072100000179e+04 1.473519288605219344e+03 7.899260521935502766e-02 1.473440295999999989e+03 1.473598281210438699e+03
3.307878502399999707e+04 1.477574342578347114e+03 5.527857834692895267e-02 1.477519064000000071e+03 1.477629621156693929e+03
3.409052086899999995e+04 1.481612972527339934e+03 5.736252734016034083e-02 1.481555609999999888e+03 1.481670335054680208e+03
3.510781274500000291e+04 1.485683469872982187e+03 6.865687298238754011e-02 1.485614812999999913e+03 1.485752126745964688e+03
3.613030900899999688e+04 1.489736677451374817e+03 5.624445137493694347e-02 1.489680432999999994e+03 1.489792921902749868e+03
3.715807044899999892e+04 1.493804410401425230e+03 4.997840142516452033e-02 1.493754431999999952e+03 1.493854388802850281e+03
3.819081758299999638e+04 1.497912222803247460e+03 8.698680324766883132e-02 1.497825235999999904e+03 1.497999209606495242e+03
3.922893736799999897e+04 1.502035405995456131e+03 1.275179954561735940e-01 1.501907887999999957e+03 1.502162923990912304e+03
4.027371091999999771e+04 1.506117978655892784e+03 6.850965589285351598e-02 1.506049469000000045e+03 1.506186488311785752e+03
4.132364330799999880e+04 1.510280606927930648e+03 8.927892793053615605e-02 1.510191328000000112e+03 1.510369885855861185e+03
4.237797805199999857e+04 1.514416934387463243e+03 1.105183874632302832e-01 1.514306415999999899e+03 1.514527452774926360e+03
4.344034690399999818e+04 1.518619642098943814e+03 9.621109894374058058e-02 1.518523431000000073e+03 1.518715853197887554e+03
4.450959590100000059e+04 1.522847298398835619e+03 5.091139883552386891e-02 1.522796387000000095e+03 1.522898209797671143e+03
4.558339854400000331e+04 1.527081312861148717e+03 3.746186114881311369e-02 1.527043850999999904e+03 1.527118774722297530e+03
4.666110933800000203e+04 1.531270533641495376e+03 2.433364149533190357e-02 1.531246200000000044e+03 1.531294867282990708e+03
4.774353312800000276e+04 1.535466257866018395e+03 3.423286601832842280e-02 1.535432025000000067e+03 1.535500490732036724e+03
4.883041742700000032e+04 1.539663646105948374e+03 6.930810594838021643e-02 1.539594338000000107e+03 1.539732954211896867e+03
4.992686155000000144e+04 1.543923408428574930e+03 3.122842857499108504e-02 1.543892180000000053e+03 1.543954636857150035e+03
5.102876747299999988e+04 1.548193549000000075e+03 0.000000000000000000e+00 1.548193549000000075e+03 1.548193549000000075e+03
