# dynamic Clausius-Clapeyron forward sweep, iteration 1; T0 = 1340.0000 K
# block step lambda T[K] P_RS[bar] P[bar] u_solid[eV/atom] u_liquid[eV/atom] v_solid[A^3/atom] v_liquid[A^3/atom] dPdT[bar/K]
0 500 0.9973217105 1343.598546 833.333333 835.571235 -3.34079000 -3.21153000 12.733400 13.399000 232.507854
1 1000 0.9946332070 1347.230306 1666.666667 1675.659585 -3.32867000 -3.21621000 12.784000 13.365300 231.317714
2 1500 0.9919546360 1350.868227 2500.000000 2520.276542 -3.33850000 -3.21638000 12.728100 13.357000 232.168430
3 2000 0.9893411487 1354.436740 3333.333333 3369.245621 -3.33783000 -3.22457000 12.722200 13.291300 237.897245
4 2500 0.9866504130 1358.130481 4166.666667 4223.042540 -3.33731000 -3.21638000 12.718100 13.343700 231.155292
5 3000 0.9840015142 1361.786522 5000.000000 5081.292994 -3.33609000 -3.21810000 12.716400 13.317300 234.742940
6 3500 0.9813411872 1365.478202 5833.333333 5944.245905 -3.33310000 -3.20154000 12.723500 13.396400 233.756782
7 4000 0.9786488197 1369.234779 6666.666667 6812.113326 -3.33024000 -3.20324000 12.726100 13.383500 231.029158
8 4500 0.9760063467 1372.941892 7500.000000 7684.376260 -3.33401000 -3.21406000 12.700500 13.309900 235.287902
9 5000 0.9733638006 1376.669236 8333.333333 8561.375847 -3.33627000 -3.20288000 12.685500 13.363200 235.287316
10 5500 0.9707247410 1380.411916 9166.666667 9443.116344 -3.32693000 -3.20377000 12.723300 13.348200 235.589656
11 6000 0.9680992407 1384.155615 10000.000000 10329.519516 -3.33799000 -3.20415000 12.658800 13.334400 236.769906
12 6500 0.9654690197 1387.926461 10833.333333 11220.798505 -3.33200000 -3.21248000 12.680500 13.284900 236.360448
13 7000 0.9628848160 1391.651398 11666.666667 12116.367891 -3.33611000 -3.21736000 12.648400 13.238400 240.419174
14 7500 0.9602982260 1395.399850 12500.000000 13016.789641 -3.34224000 -3.22183000 12.612500 13.211300 240.211274
15 8000 0.9577027899 1399.181473 13333.333333 13922.203709 -3.33740000 -3.22221000 12.627100 13.201900 239.425072
16 8500 0.9551497763 1402.921336 14166.666667 14831.879794 -3.33241000 -3.22099000 12.644900 13.191800 243.231893
17 9000 0.9525463906 1406.755632 15000.000000 15747.264541 -3.33368000 -3.21105000 12.629300 13.243100 238.741506
18 9500 0.9499641374 1410.579565 15833.333333 16667.295860 -3.34119000 -3.20674000 12.586600 13.254100 240.594984
19 10000 0.9473764685 1414.432429 16666.666667 17592.443153 -3.33764000 -3.21724000 12.591400 13.190400 240.119295
20 10500 0.9448340784 1418.238430 17500.000000 18521.770541 -3.33020000 -3.20606000 12.624800 13.231600 244.168083
21 11000 0.9422171143 1422.177521 18333.333333 19457.652653 -3.33033000 -3.20456000 12.614000 13.246800 237.596511
22 11500 0.9396593973 1426.048634 19166.666667 20397.461806 -3.33619000 -3.21680000 12.576400 13.163500 242.767085
23 12000 0.9370764332 1429.979405 20000.000000 21342.976189 -3.33155000 -3.21230000 12.586200 13.178400 240.544165
24 12500 0.9345212070 1433.889344 20833.333333 22293.055714 -3.33197000 -3.20481000 12.577100 13.201800 242.986796
25 13000 0.9320080077 1437.755887 21666.666667 23247.296685 -3.33813000 -3.20725000 12.542400 13.174800 246.788462
26 13500 0.9295091445 1441.621105 22500.000000 24206.324525 -3.33561000 -3.21499000 12.546200 13.125700 248.115033
27 14000 0.9270162643 1445.497832 23333.333333 25170.360252 -3.33245000 -3.22070000 12.552500 13.088100 248.671188
28 14500 0.9244998032 1449.432434 24166.666667 26140.261560 -3.33769000 -3.21626000 12.516800 13.104300 246.507758
29 15000 0.9219765308 1453.399252 25000.000000 27115.657682 -3.34016000 -3.21846000 12.494900 13.085300 245.889026
30 15500 0.9194386370 1457.411018 25833.333333 28096.854206 -3.33664000 -3.21435000 12.503000 13.099700 244.580758
31 16000 0.9169267754 1461.403501 26666.666667 29082.656742 -3.33900000 -3.21478000 12.484600 13.084500 246.910751
32 16500 0.9144159976 1465.416182 27500.000000 30073.839556 -3.33408000 -3.21049000 12.496800 13.093400 247.011790
33 17000 0.9119273255 1469.415339 28333.333333 31069.727315 -3.33543000 -3.21162000 12.482500 13.074900 249.021016
34 17500 0.9094362382 1473.440296 29166.666667 32071.150721 -3.33237000 -3.21319000 12.490500 13.061300 248.803302
35 18000 0.9069256921 1477.519064 30000.000000 33078.785024 -3.33201000 -3.20383000 12.482000 13.100700 247.045507
36 18500 0.9044547442 1481.555610 30833.333333 34090.520869 -3.33936000 -3.20580000 12.437500 13.072000 250.638406
37 19000 0.9019834672 1485.614813 31666.666667 35107.812745 -3.33085000 -3.21223000 12.467200 13.030800 250.613149
38 19500 0.8995217836 1489.680433 32500.000000 36130.309009 -3.33404000 -3.21369000 12.444200 13.013800 251.496312
39 20000 0.8970684680 1493.754432 33333.333333 37158.070449 -3.33064000 -3.21236000 12.451700 13.009600 252.271554
40 20500 0.8946304067 1497.825236 34166.666667 38190.817583 -3.32738000 -3.21188000 12.459700 13.001100 253.693454
41 21000 0.8921985235 1501.907888 35000.000000 39228.937368 -3.33139000 -3.21380000 12.429400 12.979200 254.274455
42 21500 0.8897450102 1506.049469 35833.333333 40273.710920 -3.32421000 -3.21514000 12.450500 12.965000 252.266510
43 22000 0.8873047905 1510.191328 36666.666667 41323.643308 -3.32317000 -3.21406000 12.447400 12.959300 253.490741
44 22500 0.8848935632 1514.306416 37500.000000 42377.978052 -3.33105000 -3.21681000 12.400400 12.930000 256.207554
45 23000 0.8824361697 1518.523431 38333.333333 43440.346904 -3.33292000 -3.20982000 12.382500 12.964100 251.929707
46 23500 0.8799600597 1522.796387 39166.666667 44509.595901 -3.32978000 -3.20217000 12.388400 12.995900 250.238070
47 24000 0.8775124558 1527.043851 40000.000000 45583.398544 -3.33070000 -3.19967000 12.375300 12.991900 252.806179
48 24500 0.8751042123 1531.246200 40833.333333 46661.109338 -3.32425000 -3.21043000 12.394800 12.921800 256.448603
49 25000 0.8727185429 1535.432025 41666.666667 47743.533128 -3.33018000 -3.20702000 12.362100 12.927000 258.589209
50 25500 0.8703591376 1539.594338 42500.000000 48830.417427 -3.33324000 -3.21411000 12.337300 12.877700 261.120946
51 26000 0.8679362569 1543.892180 43333.333333 49926.861550 -3.33150000 -3.20304000 12.332200 12.930600 255.122526
52 26500 0.8655248569 1548.193549 44166.666667 51028.767473 -3.33046000 -3.20732000 12.327500 12.898400 256.173440
