# dynamic Clausius-Clapeyron backward sweep, iteration 1; T0 = 1340.0000 K
# block step lambda T[K] P_RS[bar] P[bar] u_solid[eV/atom] u_liquid[eV/atom] v_solid[A^3/atom] v_liquid[A^3/atom] dPdT[bar/K]
0 500 0.7756266457 1727.635335 77000.000000 99274.567763 -3.31490000 -3.19354000 11.971200 12.479100 278.869050
1 1000 0.7769208462 1724.757427 76500.000000 98465.629249 -3.31644000 -3.19351000 11.972300 12.482100 281.087725
2 1500 0.7782302423 1721.855470 76000.000000 97657.474443 -3.31591000 -3.20108000 11.977700 12.459500 278.484283
3 2000 0.7795612649 1718.915575 75500.000000 96849.347703 -3.31086000 -3.19670000 12.007800 12.494700 274.880093
4 2500 0.7808738841 1716.026144 75000.000000 96046.239385 -3.31693000 -3.18864000 11.991300 12.530900 277.949796
5 3000 0.7821750922 1713.171403 74500.000000 95247.216060 -3.32097000 -3.19875000 11.979900 12.489500 279.895638
6 3500 0.7834905974 1710.294934 74000.000000 94449.123246 -3.31374000 -3.19356000 12.014900 12.521500 277.454122
7 4000 0.7847975915 1707.446626 73500.000000 93654.721672 -3.32165000 -3.20446000 11.986400 12.477200 278.904655
8 4500 0.7861021272 1704.613120 73000.000000 92863.252079 -3.31055000 -3.20089000 12.044400 12.502800 279.325795
9 5000 0.7874301645 1701.738212 72500.000000 92071.656978 -3.32066000 -3.20340000 12.006500 12.505500 275.343327
10 5500 0.7887372449 1698.918123 72000.000000 91285.152901 -3.31302000 -3.20386000 12.044100 12.501300 278.896932
11 6000 0.7900344595 1696.128547 71500.000000 90502.381430 -3.31248000 -3.20593000 12.058700 12.501600 280.607629
12 6500 0.7913537258 1693.300930 71000.000000 89719.676153 -3.32069000 -3.20556000 12.029300 12.516000 276.804546
13 7000 0.7927003203 1690.424446 70500.000000 88936.510043 -3.32001000 -3.20133000 12.031400 12.543500 272.261736
14 7500 0.7940239243 1687.606581 70000.000000 88158.552736 -3.31954000 -3.20151000 12.047100 12.547700 276.084007
15 8000 0.7953545631 1684.783193 69500.000000 87382.411852 -3.32013000 -3.19998000 12.049600 12.561900 274.896330
16 8500 0.7966610434 1682.020241 69000.000000 86611.490008 -3.31044000 -3.20584000 12.103100 12.541000 279.024865
17 9000 0.7980006372 1679.196654 68500.000000 85839.530453 -3.32039000 -3.20095000 12.059900 12.572600 273.392671
18 9500 0.7993289890 1676.406109 68000.000000 85071.354763 -3.31941000 -3.19419000 12.071800 12.604800 275.279980
19 10000 0.8006810305 1673.575305 67500.000000 84303.233657 -3.31891000 -3.19503000 12.080200 12.616900 271.340819
20 10500 0.8020336911 1670.752756 67000.000000 83537.637816 -3.32703000 -3.19294000 12.052400 12.633600 271.242898
21 11000 0.8033814355 1667.949919 66500.000000 82775.126560 -3.31949000 -3.20281000 12.091000 12.594900 272.050692
22 11500 0.8047177851 1665.180048 66000.000000 82016.330723 -3.32232000 -3.21053000 12.084800 12.563500 273.948371
23 12000 0.8060692208 1662.388248 65500.000000 81258.530046 -3.32349000 -3.19743000 12.089800 12.635700 271.436254
24 12500 0.8074130975 1659.621332 65000.000000 80504.019812 -3.32102000 -3.20001000 12.102400 12.623500 272.691237
25 13000 0.8087708330 1656.835219 64500.000000 79750.650458 -3.32714000 -3.19385000 12.084000 12.663900 270.399969
26 13500 0.8101264334 1654.062804 64000.000000 79000.014523 -3.32299000 -3.19810000 12.106800 12.649300 270.752325
27 14000 0.8114751407 1651.313679 63500.000000 78252.551207 -3.31953000 -3.20055000 12.131700 12.645900 271.892791
28 14500 0.8128420665 1648.536727 63000.000000 77505.831200 -3.32131000 -3.21008000 12.127900 12.615100 268.897073
29 15000 0.8142203730 1645.746096 62500.000000 76760.545511 -3.32233000 -3.19592000 12.127400 12.685700 267.065910
30 15500 0.8155752624 1643.012070 62000.000000 76019.961438 -3.32769000 -3.20103000 12.109200 12.659100 270.880382
31 16000 0.8169415136 1640.264300 61500.000000 75280.786905 -3.32002000 -3.20355000 12.157700 12.667600 269.007709
32 16500 0.8182985397 1637.544166 61000.000000 74544.921003 -3.32552000 -3.19469000 12.139300 12.708200 270.527274
33 17000 0.8196759709 1634.792342 60500.000000 73809.654240 -3.32340000 -3.20203000 12.148400 12.684100 267.189960
34 17500 0.8210610291 1632.034590 60000.000000 73076.175674 -3.33036000 -3.20549000 12.123200 12.677400 265.969080
35 18000 0.8224312838 1629.315453 59500.000000 72346.469755 -3.32494000 -3.20216000 12.156500 12.695600 268.361812
36 18500 0.8237943865 1626.619484 59000.000000 71619.813105 -3.33053000 -3.20706000 12.140200 12.679500 269.535889
37 19000 0.8251740665 1623.899798 58500.000000 70894.132976 -3.32652000 -3.20718000 12.161700 12.689300 266.823014
38 19500 0.8265627559 1621.171521 58000.000000 70170.110602 -3.32063000 -3.20966000 12.193000 12.686800 265.376206
39 20000 0.8279601206 1618.435437 57500.000000 69447.789293 -3.32729000 -3.21051000 12.168300 12.691200 263.997363
40 20500 0.8293638451 1615.696184 57000.000000 68727.375005 -3.32849000 -3.19910000 12.173400 12.755400 262.996086
41 21000 0.8307624792 1612.976072 56500.000000 68009.811970 -3.32580000 -3.20656000 12.188100 12.722500 263.800021
42 21500 0.8321527831 1610.281222 56000.000000 67295.334632 -3.33007000 -3.20300000 12.176200 12.742300 265.128386
43 22000 0.8335445927 1607.592457 55500.000000 66583.120431 -3.32662000 -3.20545000 12.201000 12.741400 264.885407
44 22500 0.8349374203 1604.910700 55000.000000 65873.200387 -3.32711000 -3.20390000 12.207000 12.756900 264.722264
45 23000 0.8363193474 1602.258759 54500.000000 65166.494320 -3.31916000 -3.20164000 12.251100 12.771500 266.488141
46 23500 0.8376977028 1599.622388 54000.000000 64462.394749 -3.32230000 -3.20520000 12.239600 12.756800 267.072424
47 24000 0.8390925673 1596.963258 53500.000000 63759.353958 -3.32460000 -3.20817000 12.234700 12.755100 264.385594
48 24500 0.8405016390 1594.286005 53000.000000 63057.580787 -3.33639000 -3.20944000 12.183100 12.756300 262.122702
49 25000 0.8418982111 1591.641344 52500.000000 62359.082498 -3.32594000 -3.20601000 12.240600 12.777300 264.118532
50 25500 0.8432737363 1589.045102 52000.000000 61664.436781 -3.32327000 -3.21269000 12.262400 12.749800 267.561407
51 26000 0.8446768726 1586.405457 51500.000000 60970.060471 -3.32548000 -3.21136000 12.256400 12.769500 263.053455
52 26500 0.8460922007 1583.751746 51000.000000 60277.118685 -3.32585000 -3.20870000 12.261500 12.792800 261.120594
53 27000 0.8475047331 1581.112114 50500.000000 59586.687871 -3.31935000 -3.20241000 12.294200 12.823500 261.563950
54 27500 0.8489165791 1578.482542 50000.000000 58898.602329 -3.33243000 -3.21519000 12.237200 12.767600 261.672483
55 28000 0.8503044054 1575.906218 49500.000000 58214.446129 -3.33393000 -3.21194000 12.240800 12.783300 265.558820
56 28500 0.8517219232 1573.283443 49000.000000 57530.513966 -3.32507000 -3.20110000 12.285300 12.848400 260.763124
57 29000 0.8531397093 1570.668890 48500.000000 56848.836683 -3.32474000 -3.20185000 12.297000 12.855300 260.724492
58 29500 0.8545417066 1568.091984 48000.000000 56170.459126 -3.32781000 -3.21589000 12.287500 12.790300 263.255222
59 30000 0.8559537830 1565.505085 47500.000000 55493.650412 -3.32494000 -3.21099000 12.304400 12.820000 261.628403
60 30500 0.8573801028 1562.900743 47000.000000 54818.160398 -3.33673000 -3.21335000 12.255300 12.819200 259.369144
61 31000 0.8588034889 1560.310382 46500.000000 54145.099086 -3.32701000 -3.21379000 12.309300 12.825700 259.833857
62 31500 0.8602197974 1557.741410 46000.000000 53474.705116 -3.32916000 -3.20883000 12.305300 12.851400 260.959441
63 32000 0.8616504283 1555.155033 45500.000000 52805.637303 -3.32634000 -3.20776000 12.324200 12.867800 258.687588
64 32500 0.8630843296 1552.571347 45000.000000 52138.590005 -3.33011000 -3.20686000 12.311300 12.877600 258.176530
65 33000 0.8645307467 1549.973792 44500.000000 51473.010265 -3.32463000 -3.21071000 12.337700 12.865700 256.232037
66 33500 0.8659556397 1547.423377 44000.000000 50810.916846 -3.32835000 -3.21341000 12.328900 12.853700 259.605261
67 34000 0.8673828280 1544.877252 43500.000000 50150.866025 -3.31630000 -3.20758000 12.394900 12.892100 259.237659
68 34500 0.8688203882 1542.321081 43000.000000 49492.392888 -3.32922000 -3.20954000 12.339800 12.891100 257.600372
69 35000 0.8702551413 1539.778321 42500.000000 48836.252708 -3.33172000 -3.20987000 12.333400 12.893600 258.043350
70 35500 0.8717202901 1537.190330 42000.000000 48180.592418 -3.32990000 -3.20455000 12.345200 12.933700 253.343699
71 36000 0.8731652960 1534.646425 41500.000000 47528.228836 -3.32959000 -3.21517000 12.352400 12.882200 256.444749
72 36500 0.8746260693 1532.083306 41000.000000 46877.175790 -3.33240000 -3.21052000 12.345300 12.915800 254.006440
73 37000 0.8760817879 1529.537560 40500.000000 46228.560575 -3.33042000 -3.20891000 12.360600 12.927400 254.784938
74 37500 0.8775326294 1527.008746 40000.000000 45582.350627 -3.33131000 -3.20823000 12.364300 12.936500 255.539740
75 38000 0.8789896545 1524.477556 39500.000000 44937.957799 -3.33532000 -3.20548000 12.350500 12.956700 254.580657
76 38500 0.8804645554 1521.923843 39000.000000 44294.798422 -3.32914000 -3.20318000 12.384700 12.980000 251.850900
77 39000 0.8819066645 1519.435167 38500.000000 43655.413380 -3.34172000 -3.21084000 12.329500 12.934300 256.922225
78 39500 0.8833439388 1516.962919 38000.000000 43018.351440 -3.32905000 -3.21269000 12.398600 12.934500 257.686272
79 40000 0.8848139540 1514.442662 37500.000000 42381.790917 -3.33178000 -3.20037000 12.389300 13.008300 252.573820
80 40500 0.8862848813 1511.929209 37000.000000 41747.299068 -3.33564000 -3.21074000 12.377500 12.966200 252.438505
81 41000 0.8877399138 1509.451112 36500.000000 41115.645959 -3.32797000 -3.21288000 12.420900 12.957500 254.896830
82 41500 0.8891740524 1507.016536 36000.000000 40487.011406 -3.32941000 -3.21730000 12.418800 12.934000 258.214201
83 42000 0.8906384898 1504.538615 35500.000000 39859.045399 -3.33347000 -3.20970000 12.408900 12.989700 253.421207
84 42500 0.8921100529 1502.056832 35000.000000 39232.827705 -3.32875000 -3.20401000 12.435100 13.023300 252.325154
85 43000 0.8935809404 1499.584357 34500.000000 38608.701732 -3.33284000 -3.21776000 12.418900 12.961300 252.430022
86 43500 0.8950588059 1497.108337 34000.000000 37986.330926 -3.34097000 -3.21351000 12.386200 12.989800 251.358824
87 44000 0.8965291565 1494.653007 33500.000000 37366.325187 -3.33513000 -3.21415000 12.421400 12.991400 252.515594
88 44500 0.8980040282 1492.198206 33000.000000 36748.164780 -3.33050000 -3.21243000 12.449000 13.007000 251.816733
89 45000 0.8994809539 1489.748053 32500.000000 36131.949054 -3.33523000 -3.21388000 12.431200 13.005500 251.501055
90 45500 0.9009919967 1487.249615 32000.000000 35516.408710 -3.33032000 -3.20855000 12.457000 13.046600 246.366193
91 46000 0.9024847407 1484.789647 31500.000000 34903.637234 -3.33044000 -3.20724000 12.465600 13.054900 249.100061
92 46500 0.9039720565 1482.346706 31000.000000 34293.095432 -3.33009000 -3.20686000 12.470800 13.058100 249.921905
93 47000 0.9054794106 1479.879039 30500.000000 33683.813949 -3.32871000 -3.20776000 12.481200 13.065400 246.903743
94 47500 0.9069654475 1477.454300 30000.000000 33077.335067 -3.32898000 -3.20745000 12.486700 13.065400 250.124418
95 48000 0.9084512075 1475.037942 29500.000000 32472.850226 -3.33540000 -3.20742000 12.461900 13.071200 250.164114
96 48500 0.9099576071 1472.596074 29000.000000 31869.616532 -3.33028000 -3.20482000 12.495600 13.101200 247.035692
97 49000 0.9114668928 1470.157622 28500.000000 31268.277791 -3.33141000 -3.20772000 12.493500 13.091700 246.606719
98 49500 0.9129551844 1467.760984 28000.000000 30669.632507 -3.33711000 -3.21048000 12.469100 13.073000 249.788423
99 50000 0.9144729284 1465.324952 27500.000000 30071.967301 -3.33233000 -3.20972000 12.494300 13.090600 245.340518
100 50500 0.9159864242 1462.903777 27000.000000 29476.419396 -3.33541000 -3.20860000 12.488100 13.103100 245.975593
101 51000 0.9174806654 1460.521241 26500.000000 28883.442452 -3.33261000 -3.21016000 12.511100 13.097400 248.887590
102 51500 0.9189793616 1458.139384 26000.000000 28292.256698 -3.33167000 -3.20923000 12.521100 13.109100 248.203432
103 52000 0.9204740087 1455.771686 25500.000000 27703.117913 -3.33318000 -3.21306000 12.516200 13.091500 248.824355
104 52500 0.9219874915 1453.381974 25000.000000 27115.335328 -3.33254000 -3.20876000 12.521700 13.122000 245.961779
105 53000 0.9235010005 1451.000052 24500.000000 26529.478568 -3.33074000 -3.21022000 12.535400 13.119900 245.960182
106 53500 0.9250224476 1448.613494 24000.000000 25945.316314 -3.32898000 -3.20593000 12.553500 13.153400 244.771188
107 54000 0.9265525071 1446.221331 23500.000000 25362.836773 -3.32733000 -3.20844000 12.563700 13.146600 243.494283
108 54500 0.9280515412 1443.885324 23000.000000 24783.106303 -3.33644000 -3.21765000 12.527600 13.098200 248.175759
109 55000 0.9295447408 1441.565899 22500.000000 24205.397558 -3.33416000 -3.21988000 12.546400 13.093200 249.075362
110 55500 0.9310516514 1439.232719 22000.000000 23629.193898 -3.33038000 -3.21306000 12.570000 13.136500 246.959396
111 56000 0.9325804507 1436.873354 21500.000000 23054.311276 -3.33385000 -3.21674000 12.554700 13.128400 243.657648
112 56500 0.9340910819 1434.549613 21000.000000 22481.747666 -3.33538000 -3.21054000 12.556400 13.160700 246.399877
113 57000 0.9355901509 1432.251076 20500.000000 21911.303769 -3.34325000 -3.22032000 12.520600 13.111100 248.178749
114 57500 0.9371227742 1429.908692 20000.000000 21341.920772 -3.32952000 -3.21539000 12.592700 13.153200 243.074663
115 58000 0.9386601459 1427.566735 19500.000000 20774.292044 -3.33427000 -3.20947000 12.574000 13.188800 242.373624
116 58500 0.9401862736 1425.249483 19000.000000 20208.761321 -3.33349000 -3.21777000 12.581500 13.147400 244.053907
117 59000 0.9417268866 1422.917853 18500.000000 19644.761410 -3.33264000 -3.20790000 12.594000 13.209800 241.889564
118 59500 0.9432619110 1420.602257 18000.000000 19082.716890 -3.33031000 -3.21091000 12.611300 13.198600 242.722426
119 60000 0.9448047844 1418.282403 17500.000000 18522.344815 -3.33618000 -3.21316000 12.588900 13.197100 241.554284
120 60500 0.9463333410 1415.991535 17000.000000 17964.071710 -3.34432000 -3.21045000 12.551500 13.207200 243.697172
121 61000 0.9478618631 1413.708107 16500.000000 17407.599823 -3.33655000 -3.21850000 12.594900 13.173100 243.700558
122 61500 0.9494029035 1411.413421 16000.000000 16852.697566 -3.33751000 -3.21082000 12.593300 13.218900 241.819533
123 62000 0.9509569285 1409.106932 15500.000000 16299.371229 -3.34032000 -3.21013000 12.586000 13.234300 239.898650
124 62500 0.9525124277 1406.805792 15000.000000 15747.826027 -3.33684000 -3.20569000 12.609100 13.262800 239.683506
125 63000 0.9540665710 1404.514151 14500.000000 15198.100887 -3.33279000 -3.21765000 12.632400 13.205800 239.883371
126 63500 0.9556231936 1402.226326 14000.000000 14650.125796 -3.34107000 -3.21224000 12.598300 13.240900 239.517972
127 64000 0.9571718501 1399.957594 13500.000000 14104.050384 -3.33405000 -3.21024000 12.639100 13.253500 240.697573
128 64500 0.9587518901 1397.650439 13000.000000 13559.295303 -3.33170000 -3.19838000 12.652800 13.327800 236.112260
129 65000 0.9603236324 1395.362933 12500.000000 13016.445267 -3.32341000 -3.21220000 12.700100 13.260200 237.312085
130 65500 0.9618898911 1393.090844 12000.000000 12475.440392 -3.33595000 -3.21391000 12.640700 13.253200 238.110033
131 66000 0.9634367889 1390.854092 11500.000000 11936.434370 -3.33154000 -3.20652000 12.669800 13.289500 240.979923
132 66500 0.9649991713 1388.602229 11000.000000 11398.973520 -3.33428000 -3.21755000 12.661200 13.245600 238.672439
133 67000 0.9665753944 1386.337794 10500.000000 10863.094654 -3.33739000 -3.21430000 12.647000 13.268700 236.648908
134 67500 0.9681226974 1384.122078 10000.000000 10329.269241 -3.33168000 -3.21472000 12.685300 13.265200 240.930709
135 68000 0.9697021607 1381.867603 9500.000000 9796.822555 -3.33583000 -3.21238000 12.668200 13.293000 236.169761
136 68500 0.9712832178 1379.618195 9000.000000 9266.092356 -3.33657000 -3.21358000 12.665300 13.288400 235.942309
137 69000 0.9728544247 1377.390045 8500.000000 8737.175660 -3.33269000 -3.21310000 12.691900 13.294000 237.380770
138 69500 0.9744318756 1375.160269 8000.000000 8209.912053 -3.34049000 -3.21437000 12.661600 13.299100 236.464528
139 70000 0.9760486810 1372.882343 7500.000000 7684.042964 -3.34173000 -3.19932000 12.655300 13.393100 230.850115
140 70500 0.9776212277 1370.674001 7000.000000 7160.237320 -3.33710000 -3.21529000 12.687500 13.301300 237.199829
141 71000 0.9791829609 1368.487865 6500.000000 6638.187407 -3.34813000 -3.21003000 12.633600 13.324700 238.801954
142 71500 0.9807668822 1366.277781 6000.000000 6117.661708 -3.33337000 -3.21275000 12.712600 13.324800 235.520707
143 72000 0.9823587926 1364.063731 5500.000000 5598.769046 -3.34568000 -3.20861000 12.657400 13.356600 234.362871
144 72500 0.9839605936 1361.843156 5000.000000 5081.504313 -3.33343000 -3.20837000 12.723300 13.365200 232.940899
145 73000 0.9855421085 1359.657785 4500.000000 4566.014949 -3.33479000 -3.21594000 12.722000 13.324300 235.884592
146 73500 0.9871398339 1357.457124 4000.000000 4052.110818 -3.33533000 -3.21417000 12.722600 13.342900 233.521040
147 74000 0.9887692835 1355.220093 3500.000000 3539.753973 -3.34119000 -3.19887000 12.696100 13.439200 229.030926
148 74500 0.9903962118 1352.993867 3000.000000 3029.090746 -3.33666000 -3.19903000 12.725700 13.443200 229.385906
149 75000 0.9920161673 1350.784437 2500.000000 2520.120218 -3.33333000 -3.20264000 12.747500 13.425900 230.363970
150 75500 0.9936047672 1348.624769 2000.000000 2012.872790 -3.33681000 -3.21020000 12.735800 13.380300 234.877039
151 76000 0.9952069472 1346.453623 1500.000000 1507.224205 -3.33509000 -3.21415000 12.750400 13.371300 232.893650
152 76500 0.9967933733 1344.310703 1000.000000 1003.216942 -3.33770000 -3.21550000 12.739900 13.361100 235.198723
153 77000 0.9983917101 1342.158580 500.000000 500.805440 -3.34046000 -3.21673000 12.728900 13.362600 233.448241
154 77500 1.0000093127 1339.987521 0.000000 0.000000 -3.33231000 -3.20988000 12.775500 13.410100 230.671386
