# dynamic Clausius-Clapeyron forward sweep, iteration 1; T0 = 1340.0000 K
# block step lambda T[K] P_RS[bar] P[bar] u_solid[eV/atom] u_liquid[eV/atom] v_solid[A^3/atom] v_liquid[A^3/atom] dPdT[bar/K]
0 500 0.9983922604 1342.157840 500.000000 500.805164 -3.33478000 -3.21387000 12.763200 13.386100 232.272857
1 1000 0.9967826397 1344.325178 1000.000000 1003.227745 -3.33848000 -3.21395000 12.739500 13.381800 231.815400
2 1500 0.9951526406 1346.527101 1500.000000 1507.306456 -3.33496000 -3.20990000 12.751300 13.404500 228.928568
3 2000 0.9935741178 1348.666371 2000.000000 2012.934882 -3.33399000 -3.21790000 12.754700 13.341900 236.349079
4 2500 0.9919778214 1350.836653 2500.000000 2520.217636 -3.33544000 -3.20946000 12.743700 13.388100 233.742156
5 3000 0.9903727500 1353.025919 3000.000000 3029.162505 -3.33560000 -3.20817000 12.735700 13.391100 232.473471
6 3500 0.9887660444 1355.224532 3500.000000 3539.765569 -3.34658000 -3.20411000 12.674000 13.407500 232.238580
7 4000 0.9871862038 1357.393362 4000.000000 4051.920483 -3.32671000 -3.20886000 12.769300 13.365900 236.139873
8 4500 0.9855856730 1359.597686 4500.000000 4565.813123 -3.34091000 -3.21850000 12.691900 13.319700 233.131506
9 5000 0.9839999386 1361.788703 5000.000000 5081.301130 -3.33307000 -3.21369000 12.728800 13.335400 235.271301
10 5500 0.9823969418 1364.010761 5500.000000 5598.551630 -3.33438000 -3.20990000 12.715100 13.354500 232.781456
11 6000 0.9808085864 1366.219687 6000.000000 6117.401584 -3.33708000 -3.21271000 12.701600 13.334600 234.885794
12 6500 0.9791837827 1368.486717 6500.000000 6638.181836 -3.33259000 -3.20350000 12.718800 13.390900 229.723051
13 7000 0.9776042828 1370.697759 7000.000000 7160.361429 -3.33179000 -3.21184000 12.716600 13.323700 236.163281
14 7500 0.9760340952 1372.902859 7500.000000 7684.157794 -3.33420000 -3.21491000 12.705100 13.305300 237.537135
15 8000 0.9744422255 1375.145663 8000.000000 8209.824852 -3.33269000 -3.21328000 12.701100 13.310200 234.381525
16 8500 0.9728501516 1377.396095 8500.000000 8737.214036 -3.34563000 -3.20779000 12.634600 13.337800 234.349883
17 9000 0.9712796338 1379.623286 9000.000000 9266.126548 -3.33263000 -3.20953000 12.695600 13.315100 237.476828
18 9500 0.9697016865 1381.868278 9500.000000 9796.827347 -3.33629000 -3.21551000 12.671100 13.281800 236.393694
19 10000 0.9681395735 1384.097951 10000.000000 10329.089187 -3.32763000 -3.21076000 12.705800 13.290800 238.715181
20 10500 0.9665723695 1386.342133 10500.000000 10863.128650 -3.33255000 -3.21598000 12.680800 13.266200 237.966496
21 11000 0.9649735471 1388.639102 11000.000000 11399.276211 -3.33645000 -3.21063000 12.654400 13.299000 233.418453
22 11500 0.9634074709 1390.896418 11500.000000 11936.797615 -3.33068000 -3.20747000 12.679000 13.297300 238.120000
23 12000 0.9618612994 1393.132254 12000.000000 12475.811230 -3.33322000 -3.21569000 12.662600 13.244900 241.076448
24 12500 0.9603040887 1395.391330 12500.000000 13016.710172 -3.33835000 -3.21516000 12.631500 13.246200 239.434687
25 13000 0.9587537260 1397.647763 13000.000000 13559.269338 -3.33827000 -3.21518000 12.625900 13.237400 240.448856
26 13500 0.9571929526 1399.926730 13500.000000 14103.739442 -3.33211000 -3.21394000 12.650600 13.241600 238.911763
27 14000 0.9556401240 1402.201484 14000.000000 14649.866250 -3.34448000 -3.21632000 12.583400 13.221100 240.080358
28 14500 0.9540775822 1404.497941 14500.000000 15197.925484 -3.33568000 -3.21313000 12.623500 13.237100 238.654974
29 15000 0.9525164681 1406.799824 15000.000000 15747.759228 -3.33146000 -3.20440000 12.642700 13.278300 238.862101
30 15500 0.9509648781 1409.095153 15500.000000 16299.234973 -3.32889000 -3.21702000 12.644500 13.200700 240.258483
31 16000 0.9494154253 1411.394806 16000.000000 16852.475295 -3.33405000 -3.21407000 12.616100 13.211800 240.575003
32 16500 0.9478609667 1413.709444 16500.000000 17407.616285 -3.33132000 -3.20741000 12.623400 13.240600 239.839438
33 17000 0.9463179392 1416.014581 17000.000000 17964.364085 -3.33294000 -3.21962000 12.610900 13.171200 241.523012
34 17500 0.9447761918 1418.325326 17500.000000 18522.905374 -3.33767000 -3.21371000 12.583700 13.196100 241.714317
35 18000 0.9432531711 1420.615420 18000.000000 19082.893703 -3.33362000 -3.21750000 12.598800 13.165500 244.523694
36 18500 0.9417170973 1422.932645 18500.000000 19644.965621 -3.33494000 -3.20910000 12.587300 13.206700 242.563713
37 19000 0.9401912876 1425.241882 19000.000000 20208.653548 -3.34001000 -3.21091000 12.554900 13.186100 244.099877
38 19500 0.9386346621 1427.605493 19500.000000 20774.856062 -3.33346000 -3.20453000 12.580900 13.224000 239.553082
39 20000 0.9370920685 1429.955546 20000.000000 21342.620083 -3.33135000 -3.21553000 12.590000 13.162500 241.594332
40 20500 0.9355659405 1432.288139 20500.000000 21911.870787 -3.34195000 -3.21165000 12.534000 13.171200 244.039501
41 21000 0.9340439221 1434.622043 21000.000000 22482.882767 -3.33082000 -3.21448000 12.580900 13.148300 244.658624
42 21500 0.9325366924 1436.940778 21500.000000 23055.393074 -3.33822000 -3.21403000 12.542100 13.141900 246.904066
43 22000 0.9310211428 1439.279881 22000.000000 23629.968203 -3.33410000 -3.21784000 12.554200 13.118800 245.639765
44 22500 0.9295076264 1441.623460 22500.000000 24206.364060 -3.33608000 -3.21321000 12.540400 13.136300 245.946348
45 23000 0.9279958692 1443.971945 23000.000000 24784.593083 -3.33402000 -3.21014000 12.543900 13.144000 246.212927
46 23500 0.9264766393 1446.339760 23500.000000 25364.913700 -3.33677000 -3.21087000 12.524500 13.137400 245.087395
47 24000 0.9249376336 1448.746328 24000.000000 25947.695421 -3.33595000 -3.21110000 12.528400 13.144100 242.165172
48 24500 0.9234330290 1451.106857 24500.000000 26531.431335 -3.33797000 -3.21375000 12.507300 13.106200 247.285748
49 25000 0.9219450344 1453.448904 25000.000000 27116.584034 -3.33942000 -3.21719000 12.495300 13.078100 249.844120
50 25500 0.9204423385 1455.821776 25500.000000 27704.071112 -3.32317000 -3.21848000 12.568600 13.072700 247.586396
51 26000 0.9189303893 1458.217092 26000.000000 28293.764472 -3.33559000 -3.20993000 12.503300 13.112100 246.186701
52 26500 0.9174495637 1460.570753 26500.000000 28884.421606 -3.33788000 -3.21725000 12.487600 13.060000 250.948242
53 27000 0.9159621445 1462.942555 27000.000000 29477.200737 -3.33844000 -3.21696000 12.478800 13.057800 249.928266
54 27500 0.9144434200 1465.372237 27500.000000 30072.937701 -3.33274000 -3.20125000 12.503400 13.143300 245.194828
55 28000 0.9129511787 1467.767424 28000.000000 30669.767072 -3.33065000 -3.20584000 12.504700 13.101500 249.175024
56 28500 0.9114460113 1470.191304 28500.000000 31268.994154 -3.33250000 -3.21521000 12.492100 13.057800 247.219479
57 29000 0.9099585827 1472.594495 29000.000000 31869.582364 -3.33335000 -3.21271000 12.482600 13.057600 249.910189
58 29500 0.9084920911 1474.971563 29500.000000 32471.388896 -3.33582000 -3.21599000 12.469500 13.032600 253.168642
59 30000 0.9069771274 1477.435273 30000.000000 33076.909103 -3.33532000 -3.21197000 12.459400 13.058200 245.781293
60 30500 0.9054853724 1479.869295 30500.000000 33683.592171 -3.33347000 -3.21341000 12.466400 13.040300 249.247941
61 31000 0.9039923551 1482.313421 31000.000000 34292.325400 -3.33551000 -3.21459000 12.451000 13.029500 249.059548
62 31500 0.9025052513 1484.755904 31500.000000 34902.844005 -3.33234000 -3.21117000 12.460700 13.038100 249.956954
63 32000 0.9010097600 1487.220294 32000.000000 35515.708508 -3.33094000 -3.20565000 12.462000 13.062400 248.688730
64 32500 0.8994997654 1489.716898 32500.000000 36131.193414 -3.33611000 -3.21006000 12.430900 13.040800 246.530399
65 33000 0.8980174196 1492.175954 33000.000000 36747.616785 -3.33005000 -3.20567000 12.457500 13.048300 250.670812
66 33500 0.8965582619 1494.604486 33500.000000 37365.112144 -3.32635000 -3.21289000 12.470800 13.001300 254.263693
67 34000 0.8950554758 1497.113907 34000.000000 37986.472255 -3.33033000 -3.20353000 12.441100 13.051700 247.615970
68 34500 0.8935679110 1499.606223 34500.000000 38609.264698 -3.32827000 -3.20869000 12.444500 13.014500 249.882790
69 35000 0.8920985059 1502.076274 35000.000000 39233.335521 -3.32861000 -3.21369000 12.439500 12.980600 252.652426
70 35500 0.8906196642 1504.570417 35500.000000 39859.887925 -3.33501000 -3.21521000 12.402600 12.970300 251.210206
71 36000 0.8891497579 1507.057712 36000.000000 40488.117645 -3.33689000 -3.20995000 12.387800 12.985700 252.574040
72 36500 0.8876897759 1509.536368 36500.000000 41117.968226 -3.33732000 -3.21065000 12.383300 12.975900 254.108051
73 37000 0.8862408446 1512.004336 37000.000000 41749.373464 -3.33327000 -3.21664000 12.397100 12.938600 255.838188
74 37500 0.8847904781 1514.482844 37500.000000 42382.915422 -3.33429000 -3.20777000 12.384100 12.972100 255.614063
75 38000 0.8833182308 1517.007069 38000.000000 43019.603437 -3.34091000 -3.20989000 12.346500 12.964600 252.233613
76 38500 0.8818628435 1519.510670 38500.000000 43657.582675 -3.32986000 -3.21126000 12.394800 12.947900 254.822186
77 39000 0.8804045622 1522.027551 39000.000000 44297.816794 -3.33900000 -3.20420000 12.344000 12.973900 254.376008
78 39500 0.8789475538 1524.550577 39500.000000 44940.110285 -3.33714000 -3.20717000 12.348800 12.955600 254.572217
79 40000 0.8775199242 1527.030855 40000.000000 45583.010592 -3.32770000 -3.20898000 12.389700 12.932800 259.200816
80 40500 0.8760598258 1529.575904 40500.000000 46229.719488 -3.33485000 -3.20601000 12.351500 12.954300 254.108537
81 41000 0.8746129075 1532.106362 41000.000000 46877.881229 -3.32872000 -3.20522000 12.367600 12.940200 256.141876
82 41500 0.8731665681 1534.644189 41500.000000 47528.159595 -3.32771000 -3.20470000 12.372200 12.942300 256.233846
83 42000 0.8716869676 1537.249093 42000.000000 48182.434248 -3.33090000 -3.21152000 12.347400 12.913400 251.174256
84 42500 0.8702348326 1539.814255 42500.000000 48837.392402 -3.33180000 -3.20797000 12.338800 12.915000 255.324368
85 43000 0.8688141906 1542.332083 43000.000000 49492.745936 -3.32886000 -3.20424000 12.346400 12.913700 260.280657
86 43500 0.8674184230 1544.813857 43500.000000 50148.808056 -3.32639000 -3.21444000 12.356500 12.857200 264.348180
87 44000 0.8659850090 1547.370897 44000.000000 50809.193626 -3.32986000 -3.21077000 12.332800 12.879800 258.266286
88 44500 0.8645669684 1549.908855 44500.000000 51470.853764 -3.32955000 -3.21236000 12.327500 12.860000 260.703329
89 45000 0.8631437835 1552.464405 45000.000000 52134.998667 -3.32602000 -3.21035000 12.335900 12.863400 259.883797
90 45500 0.8616970279 1555.070932 45500.000000 52802.781638 -3.32603000 -3.21026000 12.327100 12.863800 256.199184
91 46000 0.8602900640 1557.614177 46000.000000 53470.337421 -3.32989000 -3.21038000 12.308500 12.847300 262.476158
92 46500 0.8588557206 1560.215491 46500.000000 54141.806227 -3.32802000 -3.20409000 12.308900 12.878500 258.129905
93 47000 0.8574114614 1562.843582 47000.000000 54816.155504 -3.32692000 -3.20477000 12.308700 12.874000 256.593683
94 47500 0.8559919878 1565.435213 47500.000000 55491.173606 -3.32769000 -3.20510000 12.298400 12.856000 260.457135
95 48000 0.8545744835 1568.031840 48000.000000 56168.304724 -3.33203000 -3.20971000 12.268600 12.824200 260.772770
96 48500 0.8531627953 1570.626389 48500.000000 56847.298392 -3.32442000 -3.20615000 12.300300 12.835300 261.698916
97 49000 0.8517389282 1573.252033 49000.000000 57529.365371 -3.32749000 -3.21650000 12.281300 12.787700 259.772651
98 49500 0.8503456684 1575.829748 49500.000000 58211.621273 -3.33180000 -3.21322000 12.255800 12.785200 264.670318
99 50000 0.8489550442 1578.411023 50000.000000 58895.933703 -3.31792000 -3.21166000 12.313900 12.787400 265.105666
100 50500 0.8475544839 1581.019304 50500.000000 59583.190174 -3.32974000 -3.20340000 12.255000 12.822000 263.491119
101 51000 0.8461299873 1583.681018 51000.000000 60274.426817 -3.32621000 -3.19794000 12.264600 12.850100 259.698814
102 51500 0.8447208852 1586.322800 51500.000000 60966.883738 -3.32877000 -3.19870000 12.246300 12.833600 262.114876
103 52000 0.8433247582 1588.948963 52000.000000 61660.706027 -3.32977000 -3.20057000 12.238700 12.816700 264.194128
104 52500 0.8419091684 1591.620629 52500.000000 62358.270902 -3.33024000 -3.20458000 12.229200 12.799200 261.099481
105 53000 0.8405137684 1594.262998 53000.000000 63056.670802 -3.32313000 -3.20339000 12.251400 12.786800 264.305182
106 53500 0.8391352195 1596.882086 53500.000000 63756.113148 -3.32984000 -3.21047000 12.216000 12.743300 267.053047
107 54000 0.8377440305 1599.533928 54000.000000 64458.829947 -3.32889000 -3.20715000 12.215500 12.758200 264.993399
108 54500 0.8363520614 1602.196087 54500.000000 65163.945321 -3.32243000 -3.20096000 12.240300 12.782100 264.865760
109 55000 0.8349401220 1604.905507 55000.000000 65872.987239 -3.32544000 -3.19835000 12.216000 12.791000 261.697399
110 55500 0.8335331361 1607.614553 55500.000000 66584.035594 -3.32559000 -3.19823000 12.211000 12.785200 262.470922
111 56000 0.8321451253 1610.296040 56000.000000 67295.953912 -3.32540000 -3.20509000 12.204600 12.739700 265.490865
112 56500 0.8307582030 1612.984374 56500.000000 68010.162040 -3.33205000 -3.20152000 12.170500 12.750600 265.668970
113 57000 0.8293859309 1615.653160 57000.000000 68725.544861 -3.32907000 -3.19842000 12.175800 12.750300 268.053071
114 57500 0.8279908077 1618.375455 57500.000000 69445.215415 -3.32731000 -3.20050000 12.177900 12.744800 264.364284
115 58000 0.8266001273 1621.098226 58000.000000 70166.938142 -3.32207000 -3.20235000 12.197100 12.730600 265.068253
116 58500 0.8252390841 1623.771857 58500.000000 70888.547484 -3.32196000 -3.20321000 12.191400 12.709300 269.894091
117 59000 0.8238430691 1626.523364 59000.000000 71615.580946 -3.31740000 -3.20006000 12.202300 12.727200 264.235265
118 59500 0.8224860830 1629.206898 59500.000000 72341.649582 -3.32675000 -3.20730000 12.160000 12.679400 270.558664
119 60000 0.8211213578 1631.914683 60000.000000 73070.806686 -3.31824000 -3.20539000 12.188400 12.681900 269.282432
120 60500 0.8197963641 1634.552260 60500.000000 73798.814739 -3.32006000 -3.21247000 12.177100 12.633900 276.008006
121 61000 0.8184245429 1637.292053 61000.000000 74533.444199 -3.32608000 -3.20799000 12.136600 12.655700 268.139374
122 61500 0.8170591653 1640.028112 61500.000000 75269.946913 -3.32514000 -3.20183000 12.137900 12.677400 269.182487
123 62000 0.8156897711 1642.781419 62000.000000 76009.289558 -3.32875000 -3.20685000 12.112900 12.647800 268.529011
124 62500 0.8143276936 1645.529202 62500.000000 76750.429206 -3.32400000 -3.20227000 12.131800 12.663100 269.721507
125 63000 0.8129477287 1648.322460 63000.000000 77495.757449 -3.32202000 -3.19834000 12.129200 12.676100 266.833134
126 63500 0.8115653639 1651.130099 63500.000000 78243.851723 -3.31938000 -3.19675000 12.134200 12.677400 266.449417
127 64000 0.8102003801 1653.911838 64000.000000 78992.804219 -3.32258000 -3.19864000 12.111300 12.653400 269.236255
128 64500 0.8088357561 1656.702229 64500.000000 79744.249083 -3.31863000 -3.19157000 12.126200 12.681800 269.297076
129 65000 0.8074872626 1659.468901 65000.000000 80496.625782 -3.32295000 -3.20328000 12.104400 12.621500 271.940256
130 65500 0.8061491964 1662.223328 65500.000000 81250.468636 -3.32677000 -3.20787000 12.076900 12.586700 273.682347
131 66000 0.8048006921 1665.008508 66000.000000 82007.881761 -3.32092000 -3.20581000 12.097300 12.594700 271.945107
132 66500 0.8034441192 1667.819787 66500.000000 82768.668547 -3.32561000 -3.19821000 12.071600 12.625400 270.620188
133 67000 0.8021162014 1670.580893 67000.000000 83529.044649 -3.31876000 -3.20250000 12.096000 12.590700 275.383720
134 67500 0.8007687176 1673.392043 67500.000000 84294.002147 -3.31184000 -3.20058000 12.117700 12.598100 272.117903
135 68000 0.7994003199 1676.256522 68000.000000 85063.763808 -3.32039000 -3.19831000 12.072000 12.607300 268.729126
136 68500 0.7980599703 1679.071812 68500.000000 85833.148574 -3.32022000 -3.19498000 12.069800 12.607700 273.283766
137 69000 0.7967383133 1681.857114 69000.000000 86603.090180 -3.31192000 -3.20335000 12.096700 12.556500 276.427049
138 69500 0.7953816300 1684.725859 69500.000000 87379.438223 -3.31468000 -3.20054000 12.071600 12.567800 270.627232
139 70000 0.7940522321 1687.546418 70000.000000 88155.409897 -3.32177000 -3.19855000 12.041100 12.566000 275.108559
140 70500 0.7927147300 1690.393718 70500.000000 88934.893385 -3.31868000 -3.19427000 12.049500 12.582700 273.763014
141 71000 0.7914100140 1693.180496 71000.000000 89713.294929 -3.31337000 -3.20052000 12.064300 12.536100 279.314609
142 71500 0.7900889153 1696.011644 71500.000000 90496.143676 -3.31502000 -3.19953000 12.053000 12.541900 276.514688
143 72000 0.7887661637 1698.855835 72000.000000 91281.806081 -3.31886000 -3.20191000 12.027100 12.522800 276.233834
144 72500 0.7874668461 1701.658942 72500.000000 92067.368118 -3.31510000 -3.20291000 12.038900 12.506000 280.243081
145 73000 0.7861590330 1704.489733 73000.000000 92856.530215 -3.31801000 -3.20495000 12.019500 12.493300 278.778824
146 73500 0.7848307970 1707.374386 73500.000000 93650.759228 -3.31815000 -3.19595000 12.008000 12.528100 275.331666
147 74000 0.7835265213 1710.216519 74000.000000 94444.792853 -3.30713000 -3.19027000 12.054300 12.542700 279.375537
148 74500 0.7821992786 1713.118430 74500.000000 95244.270915 -3.31967000 -3.19190000 11.989800 12.533200 275.503418
149 75000 0.7808775863 1716.018008 75000.000000 96045.784025 -3.32248000 -3.20010000 11.969200 12.487500 276.422801
150 75500 0.7795740213 1718.887448 75500.000000 96847.762923 -3.31903000 -3.19502000 11.983600 12.501600 279.486600
151 76000 0.7782630404 1721.782907 76000.000000 97653.358902 -3.31879000 -3.20298000 11.969600 12.456100 278.228080
152 76500 0.7769499245 1724.692876 76500.000000 98461.944056 -3.31687000 -3.19823000 11.975600 12.474800 277.867105
153 77000 0.7756436625 1727.597433 77000.000000 99272.389782 -3.32013000 -3.19726000 11.952600 12.466900 279.024287
154 77500 0.7743205884 1730.549362 77500.000000 100087.742939 -3.31066000 -3.18954000 11.989200 12.502700 276.212206
