# dynamic Clausius-Clapeyron coexistence line
# pressure[bar]  temperature[K]  error[K]  T_forward[K]  T_backward[K]
0.000000000000000000e+00 1.341217376500000000e+03 1.217376500000000306e+00 1.340000000000000000e+03 1.342434753000000001e+03
1.574642767900000035e+04 1.407983669083667792e+03 1.302796083667885796e+00 1.406680873000000020e+03 1.409286465167335791e+03
3.309359899900000164e+04 1.479487451224566485e+03 1.306696224566394449e+00 1.478180755000000090e+03 1.480794147449132879e+03
5.213682671700000355e+04 1.554369132311963540e+03 1.850292311963585234e+00 1.552518839999999955e+03 1.556219424623927125e+03
7.306490938899999310e+04 1.633896165067466882e+03 2.113189067466919369e+00 1.631782975999999962e+03 1.636009354134933801e+03
9.609118537000000651e+04 1.718602597857017372e+03 1.773418857017304617e+00 1.716829179000000067e+03 1.720376016714034677e+03
1.211787443789999961e+05 1.806663358264574072e+03 2.446497264573849861e+00 1.804216861000000108e+03 1.809109855529147808e+03
1.487125583979999938e+05 1.900744592525499684e+03 2.889085525499581308e+00 1.897855506999999989e+03 1.903633678050999151e+03
1.788605498810000136e+05 2.000302048343540719e+03 3.025908343540777423e+00 1.997276139999999941e+03 2.003327956687081496e+03
2.117560125169999956e+05 2.104921035074243264e+03 3.046540074243466734e+00 2.101874495000000024e+03 2.107967575148486958e+03
2.476194272789999959e+05 2.214865074935210032e+03 2.798190935209959207e+00 2.212066883999999845e+03 2.217663265870419764e+03
2.864456314899999998e+05 2.328964601100758046e+03 2.678866100757886670e+00 2.326285734999999931e+03 2.331643467201515705e+03
3.284199822290000156e+05 2.447056516710286360e+03 2.152204710286241607e+00 2.444904312000000118e+03 2.449208721420572601e+03
3.737292301979999756e+05 2.570417650165438317e+03 2.227042165438206212e+00 2.568190607999999884e+03 2.572644692330876296e+03
4.225106715940000140e+05 2.698006422148345791e+03 1.985946148345647089e+00 2.696020476000000144e+03 2.699992368296691438e+03
4.746511783159999759e+05 2.828723968315865932e+03 1.912506315865812212e+00 2.826811462000000120e+03 2.830636474631731744e+03
5.309384277940000175e+05 2.964612679545072751e+03 2.064575450726806594e-01 2.964406222000000071e+03 2.964819137090145432e+03
5.902413705070000142e+05 3.102297847862366780e+03 6.373128623667980719e-01 3.101660534999999982e+03 3.102935160724733578e+03
6.531698842360000126e+05 3.242119530561491956e+03 4.615865614916856430e-01 3.241657944000000043e+03 3.242581117122983414e+03
7.196078626269999659e+05 3.383936393064989716e+03 5.169690649895528622e-01 3.383419424000000163e+03 3.384453362129979269e+03
7.892036686960000079e+05 3.526079161181211020e+03 9.694411812110956816e-01 3.525109719999999925e+03 3.527048602362422116e+03
8.626761336219999939e+05 3.670257331369233270e+03 4.604453692331844650e-01 3.669796886000000086e+03 3.670717776738466455e+03
9.410696392040000064e+05 3.820799868526333285e+03 5.132114736666153476e-01 3.821313079999999900e+03 3.820286657052666669e+03
1.021731614875999978e+06 3.966329413368098358e+03 2.135409631901438843e+00 3.968464822999999797e+03 3.964194003736196919e+03
1.106473468819000060e+06 4.116145047442473697e+03 2.395086557526155957e+00 4.118540133999999853e+03 4.113749960884947541e+03
1.193968546282999916e+06 4.264146970246318233e+03 2.300634753682516020e+00 4.266447605000000294e+03 4.261846335492635262e+03
1.285754494973999914e+06 4.415650500527564873e+03 2.070071472435756732e+00 4.417720572000000175e+03 4.413580429055128661e+03
1.380116036093000090e+06 4.564576610347607129e+03 1.733237652393199824e+00 4.566309847999999874e+03 4.562843372695213475e+03
1.478739166847999906e+06 4.716568730486731511e+03 1.313373513269198156e+00 4.717882104000000254e+03 4.715255356973461858e+03
1.580250711376999971e+06 4.867898742999999740e+03 0.000000000000000000e+00 4.867898742999999740e+03 4.867898742999999740e+03
