# dynamic Clausius-Clapeyron forward sweep, iteration 1; T0 = 1340.0000 K
# block step lambda T[K] P_RS[bar] P[bar] u_solid[eV/atom] u_liquid[eV/atom] v_solid[A^3/atom] v_liquid[A^3/atom] dPdT[bar/K]
0 1000 0.9525970147 1406.680873 15000.000000 15746.427679 -3.33985000 -3.21880000 12.667700 13.280600 241.743110
1 2000 0.9065197170 1478.180755 30000.000000 33093.598999 -3.33839000 -3.21148000 12.523700 13.148300 242.451433
2 3000 0.8631135194 1552.518840 45000.000000 52136.826717 -3.32890000 -3.21301000 12.407100 12.944400 255.820171
3 4000 0.8211876330 1631.782976 60000.000000 73064.909389 -3.32830000 -3.21236000 12.229400 12.748600 263.826319
4 5000 0.7805086357 1716.829179 75000.000000 96091.185370 -3.32185000 -3.19895000 12.070900 12.604900 270.572944
5 6000 0.7427045103 1804.216861 90000.000000 121178.744379 -3.30725000 -3.19598000 11.930400 12.379700 286.651874
6 7000 0.7060600741 1897.855507 105000.000000 148712.558398 -3.29527000 -3.17519000 11.761100 12.231100 293.860508
7 8000 0.6709137374 1997.276140 120000.000000 178860.549881 -3.28658000 -3.16599000 11.560600 12.013300 302.992510
8 9000 0.6375261717 2101.874495 135000.000000 211756.012517 -3.26785000 -3.14116000 11.390200 11.842000 314.192392
9 10000 0.6057683020 2212.066884 150000.000000 247619.427279 -3.24347000 -3.12325000 11.223300 11.631100 325.168819
10 11000 0.5760255415 2326.285735 165000.000000 286445.631490 -3.21885000 -3.10018000 11.039800 11.416800 339.542799
11 12000 0.5480787094 2444.904312 180000.000000 328419.982229 -3.18849000 -3.06340000 10.866800 11.240200 353.494089
12 13000 0.5217681258 2568.190608 195000.000000 373729.230198 -3.15749000 -3.03220000 10.677300 11.029400 367.158288
13 14000 0.4970288661 2696.020476 210000.000000 422510.671594 -3.12041000 -2.98720000 10.497600 10.849600 381.250928
14 15000 0.4740323216 2826.811462 225000.000000 474651.178316 -3.07433000 -2.94389000 10.334200 10.654600 398.225093
15 16000 0.4520298163 2964.406222 240000.000000 530938.427794 -3.02922000 -2.88710000 10.154300 10.488300 408.821406
16 17000 0.4320266466 3101.660535 255000.000000 590241.370507 -2.97614000 -2.83358000 9.986810 10.291400 431.500811
17 18000 0.4133687215 3241.657944 270000.000000 653169.884236 -2.92011000 -2.77954000 9.819260 10.099400 449.088120
18 19000 0.3960490356 3383.419424 285000.000000 719607.862627 -2.85580000 -2.71585000 9.663180 9.922080 468.221532
19 20000 0.3801300119 3525.109720 300000.000000 789203.668696 -2.78461000 -2.64899000 9.515270 9.745870 490.684363
20 21000 0.3651428244 3669.796886 315000.000000 862676.133622 -2.71919000 -2.57317000 9.352370 9.586120 507.448628
21 22000 0.3506648034 3821.313080 330000.000000 941069.639204 -2.64754000 -2.48329000 9.196860 9.450860 517.191147
22 23000 0.3376620582 3968.464823 345000.000000 1021731.614876 -2.56315000 -2.40661000 9.051450 9.268860 547.514204
23 24000 0.3253580046 4118.540134 360000.000000 1106473.468819 -2.48182000 -2.31773000 8.913340 9.128990 564.338280
24 25000 0.3140786256 4266.447605 375000.000000 1193968.546283 -2.39225000 -2.23168000 8.778790 8.972240 591.038397
25 26000 0.3033238472 4417.720572 390000.000000 1285754.494974 -2.29909000 -2.12926000 8.651160 8.846250 606.477921
26 27000 0.2934535861 4566.309848 405000.000000 1380116.036093 -2.19195000 -2.03456000 8.535930 8.701860 634.541711
27 28000 0.2840257494 4717.882104 420000.000000 1478739.166848 -2.10102000 -1.92255000 8.406500 8.586220 650.399490
28 29000 0.2752727759 4867.898743 435000.000000 1580250.711377 -1.99308000 -1.81668000 8.291730 8.456650 676.230854
