# dynamic Clausius-Clapeyron backward sweep, iteration 1; T0 = 1340.0000 K
# block step lambda T[K] P_RS[bar] P[bar] u_solid[eV/atom] u_liquid[eV/atom] v_solid[A^3/atom] v_liquid[A^3/atom] dPdT[bar/K]
0 1000 0.2843251728 4712.913693 420000.000000 1477181.903655 -1.96808000 -1.77592000 8.264620 8.450420 659.427453
1 2000 0.2938723638 4559.802707 405000.000000 1378149.325733 -2.10352000 -1.91772000 8.408080 8.597550 646.517920
2 3000 0.3038517688 4410.045086 390000.000000 1283520.584876 -2.19993000 -2.03609000 8.535190 8.709830 631.642546
3 4000 0.3147108154 4257.877183 375000.000000 1191570.107052 -2.29772000 -2.12940000 8.657080 8.852310 603.821139
4 5000 0.3260538574 4109.750489 360000.000000 1104112.071665 -2.38606000 -2.22980000 8.797250 8.986570 590.194012
5 6000 0.3383300294 3960.629809 345000.000000 1019714.391185 -2.48131000 -2.32063000 8.919350 9.130040 565.548679
6 7000 0.3508329223 3819.481910 330000.000000 940618.679314 -2.56318000 -2.41872000 9.067750 9.260670 560.278476
7 8000 0.3649734010 3671.500433 315000.000000 863076.594410 -2.64367000 -2.49082000 9.202350 9.433210 523.355657
8 9000 0.3797442227 3528.690945 300000.000000 790005.435449 -2.72140000 -2.57989000 9.349380 9.572640 511.435522
9 10000 0.3958274621 3385.313371 285000.000000 720010.679587 -2.78870000 -2.64082000 9.507890 9.761930 487.733226
10 11000 0.4131559611 3243.327281 270000.000000 653506.243261 -2.85314000 -2.71177000 9.668750 9.930410 467.989888
11 12000 0.4317080326 3103.949658 255000.000000 590676.987084 -2.91618000 -2.77666000 9.827530 10.104000 450.420544
12 13000 0.4519200477 2965.126258 240000.000000 531067.389513 -2.97532000 -2.83767000 9.985130 10.282300 428.936854
13 14000 0.4729283027 2833.410461 225000.000000 475759.219162 -3.02946000 -2.90098000 10.156800 10.445100 419.698533
14 15000 0.4957935295 2702.737975 210000.000000 423563.414023 -3.07971000 -2.94242000 10.314100 10.649400 398.990524
15 16000 0.5202736556 2575.567657 195000.000000 374802.756021 -3.11579000 -2.98901000 10.508600 10.840100 383.064177
16 17000 0.5465372151 2451.800102 180000.000000 329346.282412 -3.15738000 -3.02880000 10.677600 11.038300 366.898108
17 18000 0.5739564984 2334.671711 165000.000000 287478.233049 -3.18426000 -3.06967000 10.878900 11.214500 357.223713
18 19000 0.6034479465 2220.572640 150000.000000 248571.564222 -3.21610000 -3.09826000 11.045100 11.416300 340.602231
19 20000 0.6348192087 2110.837198 135000.000000 212658.971468 -3.24642000 -3.12633000 11.204900 11.607300 326.934944
20 21000 0.6680388879 2005.871251 120000.000000 179630.261321 -3.26402000 -3.14382000 11.398300 11.824800 314.355209
21 22000 0.7031320586 1905.758646 105000.000000 149331.834212 -3.28330000 -3.16106000 11.569500 12.027700 302.349866
22 23000 0.7400723958 1810.633673 90000.000000 121609.724279 -3.29734000 -3.17698000 11.747000 12.221900 291.153692
23 24000 0.7784856572 1721.290543 75000.000000 96340.888628 -3.30843000 -3.18764000 11.921700 12.417300 282.619847
24 25000 0.8186310196 1636.879092 60000.000000 73293.093665 -3.32156000 -3.19642000 12.070300 12.606900 272.804823
25 26000 0.8607471331 1556.787062 45000.000000 52280.162513 -3.32398000 -3.21421000 12.252400 12.746200 262.103319
26 27000 0.9047575042 1481.059835 30000.000000 33158.056009 -3.33124000 -3.21258000 12.392900 12.950700 252.277356
27 28000 0.9507480763 1409.416473 15000.000000 15777.050065 -3.33186000 -3.20182000 12.558200 13.197000 242.368994
28 29000 0.9981863157 1342.434753 0.000000 0.000000 -3.33932000 -3.20865000 12.671500 13.333600 235.377163
