# dynamic Clausius-Clapeyron coexistence line
# pressure[bar]  temperature[K]  error[K]  T_forward[K]  T_backward[K]
0.000000000000000000e+00 1.339993760500000008e+03 6.239499999992403900e-03 1.340000000000000000e+03 1.339987521000000015e+03
5.008051639999999907e+02 1.342158209401751492e+03 3.694017514135339297e-04 1.342157840000000078e+03 1.342158578803502905e+03
1.003227745000000027e+03 1.344317963465904086e+03 7.214534096078750736e-03 1.344325178000000051e+03 1.344310748931807893e+03
1.507306456000000026e+03 1.346490538584029764e+03 3.656241597002463095e-02 1.346527100999999902e+03 1.346453976168059853e+03
2.012934882000000016e+03 1.348645702182144305e+03 2.066881785572149965e-02 1.348666371000000026e+03 1.348625033364288583e+03
2.520217635999999857e+03 1.350810756444710478e+03 2.589655528970524756e-02 1.350836653000000069e+03 1.350784859889420659e+03
3.029162504999999783e+03 1.353010049415953745e+03 1.586958404607230477e-02 1.353025918999999931e+03 1.352994179831907786e+03
3.539765569000000141e+03 1.355222337814984712e+03 2.194185015241600922e-03 1.355224531999999954e+03 1.355220143629969471e+03
4.051920482999999876e+03 1.357424827483646823e+03 3.146548364691170718e-02 1.357393362000000025e+03 1.357456292967293848e+03
4.565813122999999905e+03 1.359627303366280785e+03 2.961736628071776067e-02 1.359597686000000067e+03 1.359656920732561503e+03
5.081301129999999830e+03 1.361815498811932684e+03 2.679581193262947636e-02 1.361788702999999941e+03 1.361842294623865200e+03
5.598551629999999932e+03 1.364036779325487487e+03 2.601832548748461704e-02 1.364010761000000002e+03 1.364062797650974971e+03
6.117401584000000184e+03 1.366248179041735511e+03 2.849204173560337949e-02 1.366219687000000022e+03 1.366276671083471228e+03
6.638181835999999748e+03 1.368487279173131583e+03 5.621731315841316245e-04 1.368486716999999999e+03 1.368487841346263167e+03
7.160361428999999589e+03 1.370686141619095224e+03 1.161738090468134033e-02 1.370697758999999905e+03 1.370674524238190543e+03
7.684157793999999740e+03 1.372892849706615380e+03 1.000929338454170647e-02 1.372902859000000035e+03 1.372882840413230952e+03
8.209824851999999737e+03 1.375152777134149801e+03 7.114134149787787464e-03 1.375145663000000013e+03 1.375159891268299589e+03
8.737214035999999396e+03 1.377393150832657739e+03 2.944167342320724856e-03 1.377396095000000059e+03 1.377390206665315418e+03
9.266126548000000184e+03 1.379620812958434271e+03 2.473041565849598555e-03 1.379623286000000007e+03 1.379618339916868308e+03
9.796827347000000373e+03 1.381867950645094652e+03 3.273549052664748160e-04 1.381868277999999918e+03 1.381867623290189385e+03
1.032908918699999958e+04 1.384109633309495621e+03 1.168230949565440824e-02 1.384097950999999966e+03 1.384121315618991275e+03
1.086312865000000056e+04 1.386340035327550140e+03 2.097672449849596887e-03 1.386342133000000103e+03 1.386337937655100404e+03
1.139927621100000033e+04 1.388621299610059850e+03 1.780238994035698852e-02 1.388639102000000094e+03 1.388603497220119380e+03
1.193679761499999950e+04 1.390876008691932157e+03 2.040930806788310292e-02 1.390896418000000040e+03 1.390855599383864273e+03
1.247581122999999934e+04 1.393112327714739422e+03 1.992628526056705596e-02 1.393132254000000103e+03 1.393092401429478969e+03
1.301671017199999915e+04 1.395377689639206892e+03 1.364036079314701055e-02 1.395391329999999925e+03 1.395364049278413631e+03
1.355926933800000006e+04 1.397649046293276797e+03 1.283293276856056764e-03 1.397647762999999941e+03 1.397650329586553653e+03
1.410373944200000005e+04 1.399941503546857348e+03 1.477354685744103335e-02 1.399926729999999907e+03 1.399956277093714789e+03
1.464986624999999913e+04 1.402213365843408610e+03 1.188184340855968912e-02 1.402201483999999937e+03 1.402225247686817056e+03
1.519792548399999941e+04 1.404505679841597157e+03 7.738841596960810421e-03 1.404497941000000083e+03 1.404513418683194004e+03
1.574775922800000080e+04 1.406802668767394607e+03 2.844767394549307937e-03 1.406799823999999944e+03 1.406805513534789043e+03
1.629923497300000054e+04 1.409100758258444785e+03 5.605258444916216831e-03 1.409095152999999982e+03 1.409106363516889814e+03
1.685247529500000019e+04 1.411403650242079493e+03 8.844242079476316576e-03 1.411394806000000017e+03 1.411412494484158969e+03
1.740761628500000006e+04 1.413708809275104159e+03 6.347248960310025723e-04 1.413709444000000076e+03 1.413708174550208014e+03
1.796436408500000107e+04 1.416003657878917238e+03 1.092312108266924042e-02 1.416014580999999907e+03 1.415992734757834569e+03
1.852290537400000176e+04 1.418305024813920227e+03 2.030118607967779099e-02 1.418325325999999905e+03 1.418284723627840549e+03
1.908289370300000155e+04 1.420609202730466677e+03 6.217269533408398274e-03 1.420615420000000086e+03 1.420602985460933269e+03
1.964496562099999937e+04 1.422925671113979661e+03 6.973886020432473742e-03 1.422932645000000093e+03 1.422918697227959228e+03
2.020865354799999841e+04 1.425245459728014566e+03 3.577728014533931855e-03 1.425241882000000032e+03 1.425249037456029100e+03
2.077485606199999893e+04 1.427587277529819858e+03 1.821547018016644870e-02 1.427605493000000024e+03 1.427569062059639691e+03
2.134262008300000161e+04 1.429933557447324574e+03 2.198855267533872393e-02 1.429955545999999913e+03 1.429911568894649236e+03
2.191187078699999984e+04 1.432270749866374217e+03 1.738913362578387023e-02 1.432288139000000001e+03 1.432253360732748433e+03
2.248288276699999915e+04 1.434588131395366645e+03 3.391160463343112497e-02 1.434622043000000076e+03 1.434554219790733214e+03
2.305539307399999961e+04 1.436909285893453671e+03 3.149210654635226092e-02 1.436940777999999909e+03 1.436877793786907205e+03
2.362996820300000036e+04 1.439257867668747622e+03 2.201333125242399547e-02 1.439279880999999932e+03 1.439235854337495084e+03
2.420636405999999988e+04 1.441596619689516501e+03 2.684031048352153448e-02 1.441623460000000023e+03 1.441569779379032980e+03
2.478459308299999975e+04 1.443931629968297102e+03 4.031503170290307025e-02 1.443971945000000005e+03 1.443891314936594199e+03
2.536491370000000097e+04 1.446284810326121260e+03 5.494967387880933529e-02 1.446339760000000069e+03 1.446229860652242451e+03
2.594769542100000035e+04 1.448684770845706225e+03 6.155715429372321523e-02 1.448746327999999949e+03 1.448623213691412502e+03
2.653143133500000113e+04 1.451057424189347103e+03 4.943281065288829268e-02 1.451106856999999991e+03 1.451007991378694214e+03
2.711658403399999952e+04 1.453417977394117770e+03 3.092660588220041973e-02 1.453448904000000084e+03 1.453387050788235683e+03
2.770407111200000145e+04 1.455798646412313246e+03 2.312958768675343890e-02 1.455821776000000000e+03 1.455775516824626493e+03
2.829376447199999893e+04 1.458181275371953006e+03 3.581662804708685144e-02 1.458217092000000093e+03 1.458145458743905920e+03
2.888442160599999988e+04 1.460547964082934868e+03 2.278891706521335436e-02 1.460570752999999968e+03 1.460525175165869541e+03
2.947720073699999921e+04 1.462924754254513118e+03 1.780074548707943904e-02 1.462942555000000084e+03 1.462906953509025925e+03
3.007293770099999892e+04 1.465350572133488640e+03 2.166486651140075992e-02 1.465372237000000041e+03 1.465328907266977239e+03
3.066976707199999873e+04 1.467764473361173486e+03 2.950638826405338477e-03 1.467767423999999892e+03 1.467761522722347081e+03
3.126899415399999998e+04 1.470175915439923529e+03 1.538856007641697943e-02 1.470191303999999946e+03 1.470160526879847112e+03
3.186958236400000169e+04 1.472595215223715059e+03 7.202237150067958282e-04 1.472594495000000052e+03 1.472595935447430065e+03
3.247138889600000039e+04 1.475001794794719444e+03 3.023179471927051054e-02 1.474971563000000060e+03 1.475032026589438601e+03
3.307690910299999814e+04 1.477443935129172132e+03 8.662129172080312856e-03 1.477435273000000052e+03 1.477452597258344213e+03
3.368359217099999660e+04 1.479873723659117104e+03 4.428659117138522561e-03 1.479869294999999966e+03 1.479878152318234243e+03
3.429232540000000154e+04 1.482328504136546144e+03 1.508313654619541921e-02 1.482313421000000062e+03 1.482343587273092453e+03
3.490284400499999902e+04 1.484771188539336435e+03 1.528453933644868812e-02 1.484755904000000100e+03 1.484786473078672998e+03
3.551570850800000335e+04 1.487233549021301087e+03 1.325502130111999577e-02 1.487220293999999967e+03 1.487246804042602207e+03
3.613119341400000121e+04 1.489730941953329420e+03 1.404395332951935416e-02 1.489716897999999901e+03 1.489744985906658940e+03
3.674761678499999834e+04 1.492185990550691486e+03 1.003655069143860601e-02 1.492175954000000047e+03 1.492196027101382924e+03
3.736511214399999881e+04 1.494626337918719400e+03 2.185191871933511720e-02 1.494604485999999952e+03 1.494648189837438622e+03
3.798647225500000059e+04 1.497111403129374139e+03 2.503870625673698669e-03 1.497113906999999926e+03 1.497108899258748579e+03
3.860926469799999904e+04 1.499596405094885540e+03 9.817905114459790639e-03 1.499606223000000000e+03 1.499586587189771080e+03
3.923333552100000088e+04 1.502067559270764832e+03 8.714729235066442925e-03 1.502076274000000012e+03 1.502058844541529879e+03
3.985988792500000272e+04 1.504556178281751727e+03 1.423871824817979359e-02 1.504570416999999907e+03 1.504541939563503547e+03
4.048811764499999845e+04 1.507039266121290439e+03 1.844587870959912834e-02 1.507057712000000038e+03 1.507020820242580839e+03
4.111796822599999723e+04 1.509498295350716944e+03 3.807264928309450625e-02 1.509536368000000039e+03 1.509460222701433850e+03
4.174937346399999660e+04 1.511970881218541763e+03 3.345478145809011039e-02 1.512004335999999967e+03 1.511937426437083786e+03
4.238291542199999822e+04 1.514464979058242079e+03 1.786494175780717342e-02 1.514482843999999886e+03 1.514447114116484272e+03
4.301960343699999794e+04 1.516987423314078342e+03 1.964568592165960581e-02 1.517007069000000001e+03 1.516967777628156682e+03
4.365758267499999783e+04 1.519477140269394567e+03 3.352973060520980653e-02 1.519510669999999891e+03 1.519443610538789471e+03
4.429781679399999848e+04 1.521981689337273565e+03 4.586166272645186837e-02 1.522027550999999903e+03 1.521935827674546999e+03
4.494011028500000248e+04 1.524518294007509212e+03 3.228299249087740463e-02 1.524550576999999976e+03 1.524486011015018221e+03
4.558301059199999872e+04 1.527021091820829042e+03 9.763179171045521798e-03 1.527030854999999974e+03 1.527011328641657883e+03
4.622971948800000246e+04 1.529559006305370758e+03 1.689769462927870336e-02 1.529575904000000037e+03 1.529542108610741479e+03
4.687788122899999871e+04 1.532096222615040915e+03 1.013938495907495962e-02 1.532106361999999990e+03 1.532086083230081840e+03
4.752815959499999735e+04 1.534645170703177655e+03 9.817031775583018316e-04 1.534644189000000097e+03 1.534646152406355213e+03
4.818243424799999775e+04 1.537223346491729899e+03 2.574650827011737420e-02 1.537249092999999903e+03 1.537197599983459668e+03
4.883739240199999767e+04 1.539798496345414378e+03 1.575865458562475396e-02 1.539814255000000003e+03 1.539782737690828753e+03
4.949274593599999935e+04 1.542327267260345934e+03 4.815739654077333398e-03 1.542332083000000011e+03 1.542322451520691857e+03
5.014880805600000167e+04 1.544841560016109270e+03 2.770301610905789857e-02 1.544813857000000098e+03 1.544869263032218214e+03
5.080919362600000022e+04 1.547393813366892573e+03 2.291636689267306792e-02 1.547370897000000014e+03 1.547416729733785360e+03
5.147085376399999950e+04 1.549937170028344553e+03 2.831502834476395947e-02 1.549908854999999903e+03 1.549965485056689431e+03
5.213499866699999984e+04 1.552510868050825820e+03 4.646305082587787183e-02 1.552464404999999942e+03 1.552557331101651698e+03
5.280278163800000038e+04 1.555107452051332075e+03 3.652005133210423082e-02 1.555070932000000084e+03 1.555143972102664293e+03
5.347033742099999654e+04 1.557669351526203400e+03 5.517452620347285119e-02 1.557614176999999927e+03 1.557724526052406873e+03
5.414180622700000094e+04 1.560256627327371916e+03 4.113632737198713585e-02 1.560215490999999929e+03 1.560297763654743903e+03
5.481615550400000211e+04 1.562868304456806754e+03 2.472245680678497592e-02 1.562843581999999969e+03 1.562893026913613539e+03
5.549117360599999665e+04 1.565465374355106633e+03 3.016135510665662878e-02 1.565435212999999976e+03 1.565495535710213289e+03
5.616830472400000144e+04 1.568057794721170467e+03 2.595472117047847860e-02 1.568031840000000102e+03 1.568083749442341059e+03
5.684729839199999697e+04 1.570644717800080343e+03 1.832880008021220419e-02 1.570626389000000017e+03 1.570663046600160442e+03
5.752936537099999987e+04 1.573265535298972736e+03 1.350229897275312396e-02 1.573252032999999983e+03 1.573279037597945489e+03
5.821162127299999702e+04 1.575862566555141711e+03 3.281855514171638788e-02 1.575829748000000109e+03 1.575895385110283542e+03
5.889593370300000242e+04 1.578441757883391347e+03 3.073488339146024373e-02 1.578411022999999886e+03 1.578472492766782807e+03
5.958319017400000303e+04 1.581059025640494383e+03 3.972164049434923072e-02 1.581019303999999920e+03 1.581098747280988619e+03
6.027442681699999957e+04 1.583711236270139352e+03 3.021827013935762807e-02 1.583681017999999995e+03 1.583741454540278710e+03
6.096688373799999681e+04 1.586358045643202786e+03 3.524564320275658247e-02 1.586322799999999916e+03 1.586393291286405429e+03
6.166070602700000018e+04 1.588989941340638325e+03 4.097834063838945440e-02 1.588948963000000049e+03 1.589030919681276828e+03
6.235827090199999657e+04 1.591629469827852745e+03 8.840827852736765635e-03 1.591620629000000008e+03 1.591638310655705482e+03
6.305667080200000055e+04 1.594272778802981065e+03 9.780802981254055339e-03 1.594262997999999925e+03 1.594282559605962433e+03
6.375611314799999673e+04 1.596916490181818972e+03 3.440418181889981497e-02 1.596882086000000072e+03 1.596950894363637872e+03
6.445882994699999836e+04 1.599571416376993511e+03 3.748837699345131114e-02 1.599533928000000060e+03 1.599608904753986963e+03
6.516394532099999924e+04 1.602222650871653968e+03 2.656387165382056992e-02 1.602196087000000034e+03 1.602249214743307675e+03
6.587298723899999459e+04 1.604907703577071061e+03 2.196577071117644664e-03 1.604905506999999943e+03 1.604909900154142179e+03
6.658403559400000086e+04 1.607605232470640203e+03 9.320529359683860093e-03 1.607614552999999887e+03 1.607595911941280519e+03
6.729595391199999722e+04 1.610289798893380976e+03 6.241106618858793809e-03 1.610296039999999948e+03 1.610283557786762231e+03
6.801016203999999561e+04 1.612980886516347255e+03 3.487483652747869201e-03 1.612984373999999889e+03 1.612977399032694393e+03
6.872554486100000213e+04 1.615671203178158976e+03 1.804317815901868016e-02 1.615653160000000071e+03 1.615689246356318108e+03
6.944521541499999876e+04 1.618400552632981544e+03 2.509763298144207511e-02 1.618375455000000102e+03 1.618425650265962986e+03
7.016693814199999906e+04 1.621128865012545475e+03 3.063901254540724040e-02 1.621098226000000068e+03 1.621159504025090882e+03
7.088854748399999517e+04 1.623825303813229766e+03 5.344681322969790926e-02 1.623771856999999954e+03 1.623878750626459350e+03
7.161558094600000186e+04 1.626563493409701096e+03 4.012940970130784990e-02 1.626523363999999901e+03 1.626603622819402517e+03
7.234164958199999819e+04 1.629252233837536096e+03 4.533583753629955027e-02 1.629206897999999910e+03 1.629297569675072509e+03
7.307080668599999626e+04 1.631964633145536709e+03 4.995014553674081981e-02 1.631914682999999968e+03 1.632014583291073450e+03
7.379881473899999401e+04 1.634651923679552283e+03 9.966367955235000409e-02 1.634552259999999933e+03 1.634751587359104633e+03
7.453344419900000503e+04 1.637396632842629060e+03 1.045798426290502903e-01 1.637292052999999896e+03 1.637501212685257997e+03
7.526994691300000704e+04 1.640126170942852468e+03 9.805894285250360554e-02 1.640028111999999965e+03 1.640224229885704972e+03
7.600928955800000404e+04 1.642876908946691174e+03 9.548994669125931978e-02 1.642781418999999914e+03 1.642972398893382433e+03
7.675042920600000070e+04 1.645618975737974552e+03 8.977373797461041249e-02 1.645529201999999941e+03 1.645708749475949162e+03
7.749575744899999700e+04 1.648410733536470616e+03 8.827353647063773678e-02 1.648322460000000092e+03 1.648499007072941367e+03
7.824385172299999977e+04 1.651205712890302721e+03 7.561389030274767720e-02 1.651130098999999973e+03 1.651281326780605468e+03
7.899280421899999783e+04 1.653974061468354876e+03 6.222346835488679062e-02 1.653911837999999989e+03 1.654036284936709762e+03
7.974424908300000243e+04 1.656756902511550607e+03 5.467351155061805912e-02 1.656702228999999988e+03 1.656811576023101225e+03
8.049662578200000280e+04 1.659531444187079387e+03 6.254318707942729816e-02 1.659468900999999960e+03 1.659593987374158814e+03
8.125046863600000506e+04 1.662291006726462228e+03 6.767872646219075250e-02 1.662223328000000038e+03 1.662358685452924419e+03
8.200788176099999691e+04 1.665078714664661675e+03 7.020666466166858299e-02 1.665008507999999892e+03 1.665148921329323230e+03
8.276866854699999385e+04 1.667873065993499495e+03 5.327899349958897801e-02 1.667819786999999906e+03 1.667926344986999084e+03
8.352904464900000312e+04 1.670651031128934846e+03 7.013812893478643673e-02 1.670580893000000060e+03 1.670721169257869633e+03
8.429400214700000652e+04 1.673466656934386720e+03 7.461393438677532686e-02 1.673392043000000058e+03 1.673541270868773609e+03
8.506376380800000334e+04 1.676317327793107324e+03 6.080579310730627185e-02 1.676256521999999904e+03 1.676378133586214517e+03
8.583314857400000619e+04 1.679122641302445572e+03 5.082930244577710255e-02 1.679071811999999909e+03 1.679173470604891463e+03
8.660309017999999924e+04 1.681923315526053557e+03 6.620152605376006250e-02 1.681857113999999910e+03 1.681989517052107431e+03
8.737943822300000465e+04 1.684749197318333472e+03 2.333831833357180585e-02 1.684725858999999900e+03 1.684772535636667044e+03
8.815540989700000500e+04 1.687570783106171575e+03 2.436510617167186865e-02 1.687546417999999903e+03 1.687595148212343247e+03
8.893489338500000304e+04 1.690406154124681962e+03 1.243612468203991739e-02 1.690393718000000035e+03 1.690418590249364115e+03
8.971329492899999605e+04 1.693228994228910324e+03 4.849822891048916063e-02 1.693180495999999948e+03 1.693277492457820927e+03
9.049614367600000696e+04 1.696058828181527588e+03 4.718418152754111361e-02 1.696011643999999933e+03 1.696106012363055015e+03
9.128180608100000245e+04 1.698881015440331339e+03 2.518044033138266968e-02 1.698855835000000070e+03 1.698906195880662835e+03
9.206736811799999850e+04 1.701690887931842553e+03 3.194593184241512063e-02 1.701658942000000025e+03 1.701722833863684855e+03
9.285653021500000614e+04 1.704539220297255724e+03 4.948729725572320604e-02 1.704489732999999887e+03 1.704588707594511334e+03
9.365075922799999535e+04 1.707403413112952876e+03 2.902711295291737770e-02 1.707374385999999959e+03 1.707432440225905793e+03
9.444479285300000629e+04 1.710247963239308774e+03 3.144423930871198536e-02 1.710216519000000062e+03 1.710279407478617486e+03
9.524427091500000097e+04 1.713139609085784286e+03 2.117908578429705813e-02 1.713118429999999989e+03 1.713160788171568583e+03
9.604578402500000084e+04 1.716021262547613105e+03 3.254547613096292480e-03 1.716018008000000009e+03 1.716024517095226201e+03
9.684776292300000205e+04 1.718898660631469738e+03 1.121263146990258974e-02 1.718887447999999949e+03 1.718909873262939755e+03
9.765335890200000722e+04 1.721811702509369297e+03 2.879550936927444127e-02 1.721782907000000023e+03 1.721840498018738572e+03
9.846194405599999300e+04 1.724718535025320080e+03 2.565902532001018699e-02 1.724692876000000069e+03 1.724744194050640090e+03
9.927238978199999838e+04 1.727612509769242479e+03 1.507676924245515693e-02 1.727597432999999910e+03 1.727627586538484820e+03
1.000877429390000034e+05 1.730549361999999974e+03 0.000000000000000000e+00 1.730549361999999974e+03 1.730549361999999974e+03
