# dynamic Clausius-Clapeyron backward sweep, iteration 1; T0 = 1340.0000 K
# block step lambda T[K] P_RS[bar] P[bar] u_solid[eV/atom] u_liquid[eV/atom] v_solid[A^3/atom] v_liquid[A^3/atom] dPdT[bar/K]
0 500 0.8678961541 1543.963519 43333.333333 49929.168517 -3.33072000 -3.20666000 12.328600 12.894200 259.639705
1 1000 0.8702697421 1539.752487 42500.000000 48835.433365 -3.33243000 -3.21548000 12.329300 12.863000 259.731213
2 1500 0.8726742828 1535.509899 41666.666667 47745.954574 -3.32764000 -3.21146000 12.359000 12.896100 256.792427
3 2000 0.8750726769 1531.301383 40833.333333 46662.790885 -3.33178000 -3.21283000 12.348200 12.896700 257.375655
4 2500 0.8774636808 1527.128734 40000.000000 45585.932360 -3.33007000 -3.22437000 12.370600 12.856500 258.077059
5 3000 0.8798936310 1522.911353 39166.666667 44512.956209 -3.33590000 -3.20989000 12.351000 12.939700 254.413372
6 3500 0.8823101536 1518.740314 38333.333333 43446.551282 -3.33538000 -3.20839000 12.365800 12.955800 255.671270
7 4000 0.8847484020 1514.554869 37500.000000 42384.931031 -3.33177000 -3.20909000 12.387600 12.962700 253.643586
8 4500 0.8871870555 1510.391739 36666.666667 41329.127200 -3.32952000 -3.21424000 12.407000 12.947500 253.608800
9 5000 0.8896547804 1506.202214 35833.333333 40277.795525 -3.32747000 -3.20615000 12.427400 13.003000 250.939901
10 5500 0.8920293246 1502.192768 35000.000000 39236.378262 -3.33840000 -3.21946000 12.386900 12.929900 259.753735
11 6000 0.8945146634 1498.019043 34166.666667 38195.759181 -3.32906000 -3.21289000 12.438200 12.993300 249.312977
12 6500 0.8970019002 1493.865286 33333.333333 37160.828004 -3.33252000 -3.21280000 12.433200 13.005700 249.155859
13 7000 0.8994466649 1489.804846 32500.000000 36133.326485 -3.33327000 -3.21347000 12.437600 13.000700 253.057806
14 7500 0.9018913742 1485.766511 31666.666667 35111.397639 -3.33178000 -3.21736000 12.454600 12.992400 253.057468
15 8000 0.9043776259 1481.681945 30833.333333 34093.427843 -3.33608000 -3.21489000 12.441800 13.021100 249.218897
16 8500 0.9068511605 1477.640497 30000.000000 33081.503675 -3.33314000 -3.21671000 12.468100 13.021800 250.388720
17 9000 0.9093292061 1473.613726 29166.666667 32074.925638 -3.33287000 -3.21852000 12.474900 13.019700 249.971465
18 9500 0.9118691104 1469.509148 28333.333333 31071.710851 -3.33135000 -3.21272000 12.489000 13.068300 244.406731
19 10000 0.9143813308 1465.471740 27500.000000 30074.979742 -3.33603000 -3.21160000 12.479600 13.080600 246.878145
20 10500 0.9168572842 1461.514265 26666.666667 29084.860998 -3.33256000 -3.21700000 12.506100 13.056200 250.194710
21 11000 0.9193386558 1457.569517 25833.333333 28099.909833 -3.33437000 -3.22032000 12.508000 13.052100 249.686682
22 11500 0.9218387033 1453.616555 25000.000000 27119.711844 -3.33870000 -3.20942000 12.493100 13.114500 247.963805
23 12000 0.9243994887 1449.589724 24166.666667 26143.098261 -3.33279000 -3.20290000 12.533200 13.172700 242.519791
24 12500 0.9269116749 1445.660936 23333.333333 25173.200387 -3.33631000 -3.21134000 12.522700 13.126300 246.876039
25 13000 0.9294437458 1441.722542 22500.000000 24208.027760 -3.33105000 -3.21156000 12.558400 13.140100 245.065649
26 13500 0.9319836970 1437.793391 21666.666667 23247.903087 -3.32516000 -3.20901000 12.593000 13.160200 244.358887
27 14000 0.9345411148 1433.858798 20833.333333 22292.580822 -3.33846000 -3.21448000 12.535800 13.145400 242.799259
28 14500 0.9370970577 1429.947932 20000.000000 21342.506451 -3.33492000 -3.21736000 12.561700 13.139400 242.932662
29 15000 0.9396792275 1426.018540 19166.666667 20397.031356 -3.33713000 -3.21315000 12.558600 13.174100 240.613672
30 15500 0.9422494285 1422.128748 18333.333333 19456.985356 -3.33841000 -3.19995000 12.564300 13.248500 241.672082
31 16000 0.9447792497 1418.320735 17500.000000 18522.845422 -3.33320000 -3.21163000 12.595300 13.186600 245.314607
32 16500 0.9473373680 1414.490809 16666.666667 17593.169265 -3.32995000 -3.21188000 12.626000 13.206700 242.737216
33 17000 0.9499013743 1410.672767 15833.333333 16668.397121 -3.33604000 -3.21603000 12.599700 13.191300 242.211006
34 17500 0.9524871870 1406.843072 15000.000000 15748.243340 -3.33674000 -3.21036000 12.605900 13.234200 240.266159
35 18000 0.9550919414 1403.006289 14166.666667 14832.777927 -3.33259000 -3.21282000 12.637000 13.236800 238.600770
36 18500 0.9576843980 1399.208343 13333.333333 13922.471078 -3.33386000 -3.20975000 12.638700 13.257300 239.686152
37 19000 0.9602392189 1395.485597 12500.000000 13017.589527 -3.32982000 -3.21003000 12.667400 13.255800 243.073461
38 19500 0.9628390719 1391.717515 11666.666667 12116.943535 -3.34419000 -3.21011000 12.602300 13.272500 239.014875
39 20000 0.9654977606 1387.885146 10833.333333 11220.464485 -3.32768000 -3.20271000 12.690900 13.329700 233.916767
40 20500 0.9681003198 1384.154072 10000.000000 10329.508002 -3.33511000 -3.21386000 12.665500 13.272200 238.801018
41 21000 0.9706966271 1380.451897 9166.666667 9443.389840 -3.33387000 -3.21351000 12.678100 13.278900 239.351978
42 21500 0.9733257921 1376.722995 8333.333333 8561.710170 -3.33427000 -3.21215000 12.685600 13.302900 236.441533
43 22000 0.9759704083 1372.992448 7500.000000 7684.659223 -3.33520000 -3.20927000 12.689700 13.330000 235.098594
44 22500 0.9785682680 1369.347488 6666.666667 6812.674072 -3.33522000 -3.21313000 12.698000 13.307800 239.236553
45 23000 0.9812100666 1365.660673 5833.333333 5945.040243 -3.33593000 -3.20833000 12.699800 13.347900 235.329714
46 23500 0.9838699020 1361.968688 5000.000000 5081.972718 -3.33854000 -3.21028000 12.696100 13.352000 233.766510
47 24000 0.9865402082 1358.282196 4166.666667 4223.514290 -3.32763000 -3.21006000 12.758400 13.362000 232.865170
48 24500 0.9891977214 1354.633124 3333.333333 3369.734140 -3.34482000 -3.21361000 12.678100 13.348500 233.974025
49 25000 0.9918699995 1350.983496 2500.000000 2520.491598 -3.33070000 -3.21201000 12.755800 13.365600 232.691781
50 25500 0.9944972157 1347.414531 1666.666667 1675.888721 -3.33336000 -3.22283000 12.756100 13.314400 236.658058
51 26000 0.9971500469 1343.829852 833.333333 835.715082 -3.33530000 -3.21474000 12.752000 13.366900 234.376522
52 26500 0.9998446846 1340.208155 0.000000 0.000000 -3.32999000 -3.20744000 12.785700 13.420600 230.748108
